"Dstat 0.7.2 CSV output"
"Author:","Dag Wieers <dag@wieers.com>",,,,"URL:","http://dag.wieers.com/home-made/dstat/"
"Host:","Servidor",,,,"User:","root"
"Cmdline:","dstat -C total --output c4.csv",,,,"Date:","21 May 2018 22:07:44 UTC"

"total cpu usage",,,,,,"dsk/total",,"net/total",,"paging",,"system",
"usr","sys","idl","wai","hiq","siq","read","writ","recv","send","in","out","int","csw"
4.319,2.893,91.485,0.032,0.0,1.270,14063.053,58433.924,0.0,0.0,0.0,0.0,660.293,3196.583
0.0,0.0,100.0,0.0,0.0,0.0,0.0,0.0,180.0,906.0,0.0,0.0,41.0,86.0
0.0,0.0,100.0,0.0,0.0,0.0,0.0,0.0,60.0,404.0,0.0,0.0,34.0,64.0
0.0,0.0,100.0,0.0,0.0,0.0,0.0,0.0,60.0,420.0,0.0,0.0,35.0,66.0
0.0,0.0,100.0,0.0,0.0,0.0,0.0,0.0,60.0,420.0,0.0,0.0,38.0,75.0
0.0,0.0,100.0,0.0,0.0,0.0,0.0,12288.0,60.0,420.0,0.0,0.0,39.0,79.0
0.0,0.0,100.0,0.0,0.0,0.0,0.0,24576.0,60.0,420.0,0.0,0.0,38.0,73.0
42.0,6.0,51.0,0.0,0.0,1.0,0.0,0.0,129297.0,55379.0,0.0,0.0,555.0,3088.0
84.0,12.0,0.0,0.0,0.0,4.0,0.0,0.0,747006.0,235684.0,0.0,0.0,2380.0,11523.0
82.828,12.121,0.0,0.0,0.0,5.051,0.0,0.0,912789.0,273695.0,0.0,0.0,2751.0,13449.0
78.0,13.0,0.0,0.0,0.0,9.0,0.0,0.0,995367.0,297704.0,0.0,0.0,2953.0,14599.0
79.208,13.861,0.0,0.0,0.0,6.931,0.0,12288.0,1117470.0,333194.0,0.0,0.0,3310.0,16367.0
71.0,19.0,0.0,0.0,0.0,10.0,0.0,0.0,1256370.0,621187.0,0.0,0.0,3659.0,17727.0
77.0,17.0,0.0,0.0,0.0,6.0,0.0,0.0,1269394.0,526570.0,0.0,0.0,3831.0,16672.0
81.818,10.101,0.0,0.0,0.0,8.081,0.0,0.0,1410811.0,578487.0,0.0,0.0,4118.0,18178.0
74.257,17.822,0.0,0.0,0.0,7.921,0.0,0.0,1553456.0,621056.0,0.0,0.0,4464.0,19791.0
72.0,16.0,0.0,0.0,0.0,12.0,0.0,12288.0,1640017.0,645899.0,0.0,0.0,4627.0,20438.0
74.0,17.0,0.0,0.0,0.0,9.0,0.0,0.0,1582969.0,620597.0,0.0,0.0,4306.0,20031.0
71.717,19.192,0.0,0.0,0.0,9.091,0.0,0.0,1749745.0,639151.0,0.0,0.0,4531.0,22467.0
67.327,20.792,0.0,0.0,0.0,11.881,0.0,0.0,1788259.0,665245.0,0.0,0.0,4874.0,24578.0
67.0,21.0,0.0,0.0,0.0,12.0,0.0,0.0,1920034.0,740916.0,0.0,0.0,5380.0,26761.0
68.687,21.212,0.0,0.0,0.0,10.101,0.0,12288.0,1808851.0,694653.0,0.0,0.0,5027.0,24991.0
65.0,23.0,0.0,0.0,0.0,12.0,0.0,0.0,1982437.0,752199.0,0.0,0.0,5416.0,27096.0
58.416,25.743,0.0,0.0,0.0,15.842,0.0,0.0,1820731.0,695057.0,0.0,0.0,5043.0,25052.0
64.646,22.222,0.0,0.0,0.0,13.131,0.0,0.0,1997683.0,763359.0,0.0,0.0,5507.0,27697.0
65.347,21.782,0.0,0.0,0.0,12.871,0.0,0.0,2199508.0,841000.0,0.0,0.0,5977.0,30413.0
68.0,23.0,0.0,0.0,0.0,9.0,0.0,12288.0,2238466.0,864786.0,0.0,0.0,6173.0,31294.0
52.0,31.0,0.0,0.0,0.0,17.0,0.0,0.0,2258314.0,883462.0,0.0,0.0,6297.0,31434.0
58.0,26.0,0.0,0.0,0.0,16.0,0.0,0.0,2130151.0,825975.0,0.0,0.0,5876.0,29514.0
63.0,25.0,0.0,0.0,0.0,12.0,0.0,0.0,2360299.0,915749.0,0.0,0.0,6527.0,32291.0
62.0,25.0,0.0,0.0,0.0,13.0,0.0,0.0,2299196.0,898594.0,0.0,0.0,6345.0,31937.0
55.556,29.293,0.0,0.0,0.0,15.152,0.0,12288.0,2415435.0,761075.0,0.0,0.0,6509.0,35674.0
59.0,26.0,0.0,0.0,0.0,15.0,0.0,0.0,2374059.0,944735.0,0.0,0.0,6464.0,34365.0
56.436,30.693,0.0,0.0,0.0,12.871,0.0,0.0,2301214.0,863106.0,0.0,0.0,6404.0,31995.0
61.0,24.0,0.0,0.0,0.0,15.0,0.0,0.0,2240480.0,837890.0,0.0,0.0,6220.0,31507.0
61.0,26.0,0.0,0.0,0.0,13.0,0.0,20480.0,2211358.0,825856.0,0.0,0.0,6035.0,31332.0
56.0,25.0,0.0,0.0,0.0,19.0,0.0,20480.0,2218670.0,837320.0,0.0,0.0,6100.0,30889.0
55.0,27.0,0.0,0.0,0.0,18.0,0.0,0.0,2436010.0,862254.0,0.0,0.0,6566.0,32445.0
60.606,24.242,0.0,0.0,0.0,15.152,0.0,0.0,2341042.0,883070.0,0.0,0.0,6387.0,32537.0
64.0,24.0,0.0,0.0,0.0,12.0,0.0,0.0,2261651.0,829435.0,0.0,0.0,6219.0,31964.0
61.0,22.0,0.0,0.0,0.0,17.0,0.0,16384.0,2278600.0,840164.0,0.0,0.0,6234.0,32513.0
62.0,24.0,0.0,0.0,0.0,14.0,0.0,12288.0,2237765.0,830485.0,0.0,0.0,6150.0,32008.0
60.0,25.0,0.0,0.0,0.0,15.0,0.0,0.0,2268025.0,809435.0,0.0,0.0,6291.0,32271.0
60.0,26.0,0.0,0.0,0.0,14.0,0.0,0.0,2275434.0,867413.0,0.0,0.0,6259.0,32335.0
59.406,27.723,0.0,0.0,0.0,12.871,0.0,0.0,2380229.0,880140.0,0.0,0.0,6500.0,33919.0
61.616,25.253,0.0,0.0,0.0,13.131,0.0,0.0,2361361.0,850669.0,0.0,0.0,6391.0,33601.0
59.0,29.0,0.0,0.0,0.0,12.0,0.0,12288.0,2229868.0,821680.0,0.0,0.0,6091.0,31615.0
59.0,29.0,0.0,0.0,0.0,12.0,0.0,0.0,2269627.0,821545.0,0.0,0.0,6043.0,32358.0
59.0,29.0,0.0,0.0,0.0,12.0,0.0,0.0,2384871.0,768651.0,0.0,0.0,6408.0,33756.0
59.0,29.0,0.0,0.0,0.0,12.0,0.0,0.0,2388154.0,956258.0,0.0,0.0,6395.0,33623.0
62.0,26.0,0.0,0.0,0.0,12.0,0.0,0.0,2357513.0,742051.0,0.0,0.0,6321.0,33715.0
63.0,24.0,0.0,0.0,0.0,13.0,0.0,12288.0,2392325.0,793935.0,0.0,0.0,6511.0,33658.0
60.0,21.0,0.0,0.0,0.0,19.0,0.0,0.0,2697537.0,849793.0,0.0,0.0,7373.0,37818.0
60.0,25.0,0.0,0.0,0.0,15.0,0.0,0.0,2625397.0,1238921.0,0.0,0.0,7198.0,37453.0
63.0,26.0,0.0,0.0,0.0,11.0,0.0,0.0,2465131.0,921435.0,0.0,0.0,6721.0,34826.0
60.0,24.0,0.0,0.0,0.0,16.0,0.0,0.0,2667019.0,985015.0,0.0,0.0,7315.0,37449.0
55.0,29.0,0.0,0.0,0.0,16.0,0.0,12288.0,2534555.0,962437.0,0.0,0.0,7009.0,35401.0
57.426,26.733,0.0,0.0,0.0,15.842,0.0,0.0,2620035.0,995741.0,0.0,0.0,7354.0,36594.0
60.606,26.263,0.0,0.0,0.0,13.131,0.0,0.0,2508434.0,950660.0,0.0,0.0,7057.0,34252.0
54.0,31.0,0.0,0.0,0.0,15.0,0.0,0.0,2486464.0,941292.0,0.0,0.0,6883.0,34374.0
57.0,27.0,0.0,0.0,0.0,16.0,0.0,0.0,2564342.0,971660.0,0.0,0.0,7057.0,35295.0
53.0,31.0,0.0,0.0,0.0,16.0,0.0,12288.0,2449948.0,939480.0,0.0,0.0,6932.0,33901.0
55.446,28.713,0.0,0.0,0.0,15.842,0.0,0.0,2474332.0,939718.0,0.0,0.0,6917.0,33736.0
64.646,20.202,0.0,0.0,0.0,15.152,0.0,0.0,2171068.0,832022.0,0.0,0.0,6105.0,30039.0
55.0,28.0,0.0,0.0,0.0,17.0,0.0,0.0,2591538.0,973192.0,0.0,0.0,7198.0,35430.0
57.0,30.0,0.0,0.0,0.0,13.0,0.0,16384.0,2448766.0,926608.0,0.0,0.0,6669.0,33217.0
55.0,27.0,0.0,0.0,0.0,18.0,0.0,12288.0,2428498.0,929330.0,0.0,0.0,6710.0,33553.0
55.0,29.0,0.0,0.0,0.0,16.0,0.0,0.0,2479946.0,941424.0,0.0,0.0,6764.0,33993.0
54.455,31.683,0.0,0.0,0.0,13.861,0.0,0.0,2644432.0,1007726.0,0.0,0.0,7276.0,36249.0
59.596,21.212,0.0,0.0,0.0,19.192,0.0,0.0,2681233.0,1014467.0,0.0,0.0,7380.0,36139.0
62.376,20.792,0.0,0.0,0.0,16.832,0.0,8192.0,2807313.0,1048183.0,0.0,0.0,7605.0,37912.0
55.556,27.273,0.0,0.0,0.0,17.172,0.0,20480.0,2705695.0,1021215.0,0.0,0.0,7437.0,37311.0
63.0,23.0,0.0,0.0,0.0,14.0,0.0,0.0,2793566.0,1040484.0,0.0,0.0,7588.0,38060.0
58.0,25.0,0.0,0.0,0.0,17.0,0.0,0.0,2905399.0,1075063.0,0.0,0.0,7903.0,39270.0
55.0,28.0,0.0,0.0,0.0,17.0,0.0,0.0,2789398.0,1029584.0,0.0,0.0,7544.0,38303.0
53.0,32.0,0.0,0.0,0.0,15.0,0.0,0.0,2852648.0,1052422.0,0.0,0.0,7715.0,39533.0
59.406,26.733,0.0,0.0,0.0,13.861,0.0,12288.0,2867200.0,1058170.0,0.0,0.0,7734.0,38552.0
58.0,26.0,0.0,0.0,0.0,16.0,0.0,0.0,2797700.0,1030860.0,0.0,0.0,7515.0,38580.0
53.0,29.0,1.0,0.0,0.0,17.0,0.0,0.0,2895004.0,1069318.0,0.0,0.0,7701.0,38981.0
62.0,23.0,0.0,0.0,0.0,15.0,0.0,0.0,2632696.0,976840.0,0.0,0.0,7141.0,35969.0
60.396,22.772,0.0,0.0,0.0,16.832,0.0,0.0,2765662.0,1036804.0,0.0,0.0,7567.0,38280.0
57.576,27.273,0.0,0.0,0.0,15.152,0.0,12288.0,2802640.0,1032786.0,0.0,0.0,7621.0,38286.0
50.0,29.0,0.0,0.0,0.0,21.0,0.0,0.0,2891303.0,1086469.0,0.0,0.0,7809.0,40023.0
57.0,26.0,0.0,0.0,0.0,17.0,0.0,0.0,2807638.0,1028610.0,0.0,0.0,7636.0,39124.0
55.0,30.0,0.0,0.0,0.0,15.0,0.0,0.0,2847935.0,1064657.0,0.0,0.0,7898.0,39327.0
59.406,22.772,0.0,0.0,0.0,17.822,0.0,0.0,2777872.0,1034086.0,0.0,0.0,7459.0,38497.0
55.556,28.283,0.0,0.0,0.0,16.162,0.0,12288.0,2936861.0,1093433.0,0.0,0.0,7934.0,39752.0
51.0,30.0,0.0,0.0,0.0,19.0,0.0,0.0,2862805.0,1068793.0,0.0,0.0,7834.0,39195.0
52.0,28.0,0.0,0.0,0.0,20.0,0.0,0.0,2938262.0,1098428.0,0.0,0.0,7914.0,40367.0
50.0,32.0,0.0,0.0,0.0,18.0,0.0,0.0,2935219.0,1087135.0,0.0,0.0,7955.0,40377.0
53.465,29.703,0.0,0.0,0.0,16.832,0.0,0.0,2933101.0,1083621.0,0.0,0.0,8124.0,40443.0
55.556,24.242,0.0,0.0,0.0,20.202,0.0,12288.0,2983097.0,1087903.0,0.0,0.0,8103.0,41173.0
56.566,26.263,0.0,0.0,0.0,17.172,0.0,0.0,3014396.0,1103190.0,0.0,0.0,8287.0,41247.0
51.0,30.0,0.0,0.0,0.0,19.0,0.0,0.0,2991650.0,1099804.0,0.0,0.0,8124.0,41184.0
49.505,29.703,0.0,0.0,0.0,20.792,0.0,0.0,3116929.0,1116242.0,0.0,0.0,8353.0,41790.0
57.0,29.0,0.0,0.0,0.0,14.0,0.0,16384.0,3115168.0,1126657.0,0.0,0.0,8514.0,42705.0
48.0,36.0,0.0,0.0,0.0,16.0,0.0,12288.0,3173514.0,1135272.0,0.0,0.0,8606.0,42963.0
51.515,32.323,0.0,0.0,0.0,16.162,0.0,0.0,3263300.0,1175494.0,0.0,0.0,8769.0,44739.0
57.426,25.743,0.0,0.0,0.0,16.832,0.0,0.0,3335603.0,1185763.0,0.0,0.0,8905.0,45459.0
45.455,33.333,0.0,0.0,0.0,21.212,0.0,0.0,3368468.0,1202406.0,0.0,0.0,8973.0,46237.0
50.0,29.412,0.980,0.0,0.0,19.608,0.0,0.0,3598522.0,1272694.0,0.0,0.0,9593.0,49372.0
50.505,30.303,0.0,0.0,0.0,19.192,0.0,12288.0,3525532.0,1267082.0,0.0,0.0,9328.0,48403.0
47.0,29.0,0.0,0.0,0.0,24.0,0.0,0.0,3583702.0,1278402.0,0.0,0.0,9527.0,48895.0
47.0,33.0,0.0,0.0,0.0,20.0,0.0,0.0,3433569.0,1216269.0,0.0,0.0,9133.0,47134.0
49.505,30.693,0.0,0.0,0.0,19.802,0.0,0.0,3480662.0,1233428.0,0.0,0.0,9228.0,47719.0
47.959,29.592,0.0,0.0,0.0,22.449,0.0,8192.0,3341483.0,1184395.0,0.0,0.0,8789.0,46125.0
42.157,33.333,0.980,0.0,0.0,23.529,0.0,20480.0,3303605.0,1182925.0,0.0,0.0,8765.0,45555.0
50.505,30.303,0.0,0.0,0.0,19.192,0.0,0.0,3407182.0,1210590.0,0.0,0.0,8911.0,47037.0
53.0,32.0,0.0,0.0,0.0,15.0,0.0,0.0,3207178.0,1142672.0,0.0,0.0,8370.0,44317.0
42.574,35.644,0.0,0.0,0.0,21.782,0.0,0.0,3710871.0,1316397.0,0.0,0.0,9929.0,50646.0
54.0,27.0,0.0,0.0,0.0,19.0,0.0,0.0,3684283.0,1313081.0,0.0,0.0,9925.0,50441.0
49.495,31.313,0.0,0.0,0.0,19.192,0.0,12288.0,3645194.0,1305408.0,0.0,0.0,9740.0,49853.0
47.525,31.683,0.990,0.0,0.0,19.802,0.0,0.0,3451879.0,1240355.0,0.0,0.0,9152.0,47194.0
48.515,29.703,0.0,0.0,0.0,21.782,0.0,0.0,3444926.0,1241528.0,0.0,0.0,9145.0,47152.0
47.475,33.333,0.0,0.0,0.0,19.192,0.0,0.0,3509533.0,1248587.0,0.0,0.0,9269.0,48116.0
46.0,33.0,0.0,0.0,0.0,21.0,0.0,0.0,3487876.0,1241890.0,0.0,0.0,9287.0,47964.0
47.525,35.644,0.0,0.0,0.0,16.832,0.0,12288.0,3510425.0,1258449.0,0.0,0.0,9383.0,48363.0
45.455,34.343,0.0,0.0,0.0,20.202,0.0,0.0,3515621.0,1249881.0,0.0,0.0,9247.0,48330.0
45.545,33.663,0.0,0.0,0.0,20.792,0.0,0.0,3545083.0,1266971.0,0.0,0.0,9431.0,48525.0
46.465,32.323,0.0,0.0,0.0,21.212,0.0,0.0,3491261.0,1240735.0,0.0,0.0,9296.0,47939.0
43.564,31.683,0.0,0.0,0.0,24.752,0.0,0.0,3348161.0,1207085.0,0.0,0.0,8762.0,45911.0
41.414,41.414,0.0,0.0,0.0,17.172,0.0,12288.0,3469709.0,1243183.0,0.0,0.0,9158.0,47691.0
53.0,30.0,0.0,0.0,0.0,17.0,0.0,0.0,3695000.0,1326066.0,0.0,0.0,9863.0,50486.0
46.0,30.0,0.0,0.0,0.0,24.0,0.0,0.0,3709549.0,1333577.0,0.0,0.0,9904.0,50658.0
49.0,29.0,1.0,0.0,0.0,21.0,0.0,0.0,3606653.0,1301277.0,0.0,0.0,9655.0,49121.0
48.515,31.683,0.0,0.0,0.0,19.802,0.0,16384.0,3545206.0,1279782.0,0.0,0.0,9369.0,48608.0
52.525,31.313,0.0,0.0,0.0,16.162,0.0,12288.0,3612281.0,1256586.0,0.0,0.0,9680.0,49436.0
45.0,32.0,0.0,0.0,0.0,23.0,0.0,0.0,3487651.0,1276718.0,0.0,0.0,9230.0,47773.0
50.0,32.0,1.0,0.0,0.0,17.0,0.0,0.0,3474707.0,1251103.0,0.0,0.0,9216.0,47328.0
49.0,28.0,0.0,0.0,0.0,23.0,0.0,0.0,3468572.0,1257730.0,0.0,0.0,9218.0,47267.0
47.0,31.0,0.0,0.0,0.0,22.0,0.0,0.0,3542779.0,1277599.0,0.0,0.0,9465.0,48272.0
45.0,30.0,0.0,0.0,0.0,25.0,0.0,12288.0,3583886.0,1292238.0,0.0,0.0,9681.0,48671.0
44.0,31.0,0.0,0.0,0.0,25.0,0.0,0.0,3558800.0,1286748.0,0.0,0.0,9576.0,48378.0
52.475,28.713,1.980,0.0,0.0,16.832,0.0,0.0,3406910.0,1220642.0,0.0,0.0,9041.0,46427.0
50.495,29.703,0.0,0.0,0.0,19.802,0.0,0.0,3477244.0,1257844.0,0.0,0.0,9260.0,47304.0
43.434,36.364,0.0,0.0,0.0,20.202,0.0,0.0,3412337.0,1228483.0,0.0,0.0,9094.0,46455.0
50.0,27.0,0.0,0.0,0.0,23.0,0.0,12288.0,3439825.0,1236195.0,0.0,0.0,9106.0,47019.0
42.574,36.634,0.0,0.0,0.0,20.792,0.0,0.0,3293615.0,1191013.0,0.0,0.0,8683.0,44806.0
51.020,31.633,1.020,0.0,0.0,16.327,0.0,0.0,3209122.0,1163636.0,0.0,0.0,8417.0,43715.0
45.545,36.634,0.0,0.0,0.0,17.822,0.0,0.0,3398753.0,1238297.0,0.0,0.0,9105.0,46313.0
49.0,24.0,0.0,0.0,0.0,27.0,0.0,12288.0,3381221.0,1192075.0,0.0,0.0,8807.0,46234.0
45.455,35.354,0.0,0.0,0.0,19.192,0.0,12288.0,3461797.0,1257153.0,0.0,0.0,9101.0,47273.0
48.039,32.353,0.980,0.0,0.0,18.627,0.0,0.0,3293027.0,1196945.0,0.0,0.0,8733.0,45097.0
51.515,29.293,0.0,0.0,0.0,19.192,0.0,0.0,3220916.0,1176880.0,0.0,0.0,8284.0,43953.0
52.525,33.333,1.010,0.0,0.0,13.131,0.0,0.0,3193411.0,1169161.0,0.0,0.0,8444.0,43802.0
40.777,36.893,0.971,0.0,0.0,21.359,0.0,0.0,3229829.0,1161189.0,0.0,0.0,8509.0,44207.0
46.465,34.343,0.0,0.0,0.0,19.192,0.0,12288.0,3375286.0,1197546.0,0.0,0.0,8898.0,46235.0
46.0,33.0,0.0,0.0,0.0,21.0,0.0,0.0,3368965.0,1192997.0,0.0,0.0,8857.0,46117.0
53.0,31.0,0.0,0.0,0.0,16.0,0.0,0.0,3413042.0,1233764.0,0.0,0.0,9087.0,46605.0
51.515,32.323,0.0,0.0,0.0,16.162,0.0,0.0,3162788.0,1134764.0,0.0,0.0,8452.0,43310.0
47.0,33.0,0.0,0.0,0.0,20.0,0.0,0.0,3427618.0,1237880.0,0.0,0.0,9026.0,46695.0
46.0,33.0,0.0,0.0,0.0,21.0,0.0,12288.0,3133886.0,1132824.0,0.0,0.0,8228.0,42878.0
44.0,36.0,0.0,0.0,0.0,20.0,0.0,0.0,3230210.0,1175710.0,0.0,0.0,8441.0,44263.0
44.554,32.673,0.990,0.0,0.0,21.782,0.0,0.0,3314860.0,1208172.0,0.0,0.0,8710.0,45227.0
48.515,32.673,0.0,0.0,0.0,18.812,0.0,0.0,3244939.0,1173463.0,0.0,0.0,8378.0,44510.0
45.455,35.354,0.0,0.0,0.0,19.192,0.0,16384.0,3312448.0,1182160.0,0.0,0.0,8822.0,45224.0
47.0,31.0,0.0,0.0,0.0,22.0,0.0,12288.0,3384916.0,1209144.0,0.0,0.0,8907.0,46361.0
50.0,30.0,0.0,0.0,0.0,20.0,0.0,0.0,3215296.0,1159488.0,0.0,0.0,8420.0,44016.0
51.0,33.0,0.0,0.0,0.0,16.0,0.0,0.0,2997304.0,1092934.0,0.0,0.0,7770.0,41372.0
46.0,33.0,0.0,0.0,0.0,21.0,0.0,0.0,3108941.0,1132007.0,0.0,0.0,8242.0,42622.0
43.0,35.0,1.0,0.0,0.0,21.0,0.0,0.0,3308162.0,1194390.0,0.0,0.0,8732.0,45304.0
40.594,36.634,0.0,0.0,0.0,22.772,0.0,12288.0,3307848.0,1200213.0,0.0,0.0,8699.0,45597.0
46.465,33.333,0.0,0.0,0.0,20.202,0.0,0.0,3373330.0,1210011.0,0.0,0.0,8884.0,46360.0
52.0,34.0,0.0,0.0,0.0,14.0,0.0,0.0,3357494.0,1220002.0,0.0,0.0,8834.0,45922.0
51.485,30.693,0.0,0.0,0.0,17.822,0.0,0.0,3542343.0,1279713.0,0.0,0.0,9376.0,48248.0
50.0,27.0,0.0,0.0,0.0,23.0,0.0,0.0,3557716.0,1241302.0,0.0,0.0,9573.0,48565.0
47.475,31.313,0.0,0.0,0.0,21.212,0.0,12288.0,3535949.0,1272511.0,0.0,0.0,9286.0,48383.0
44.0,30.0,0.0,0.0,0.0,26.0,0.0,0.0,3589576.0,1271096.0,0.0,0.0,9562.0,48978.0
48.515,30.693,0.0,0.0,0.0,20.792,0.0,0.0,3396034.0,1213482.0,0.0,0.0,8906.0,46487.0
48.0,30.0,0.0,0.0,0.0,22.0,0.0,0.0,3422860.0,1228358.0,0.0,0.0,9127.0,46893.0
43.0,35.0,1.0,0.0,0.0,21.0,0.0,0.0,3471631.0,1241983.0,0.0,0.0,9179.0,47417.0
47.525,29.703,0.990,0.0,0.0,21.782,0.0,12288.0,3387799.0,1214688.0,0.0,0.0,9001.0,46140.0
50.0,35.0,0.0,0.0,0.0,15.0,0.0,0.0,3443501.0,1240471.0,0.0,0.0,9268.0,47042.0
44.0,33.0,0.0,0.0,0.0,23.0,0.0,0.0,3404686.0,1234830.0,0.0,0.0,9036.0,46486.0
53.535,29.293,0.0,0.0,0.0,17.172,0.0,0.0,3355833.0,1213081.0,0.0,0.0,8848.0,45842.0
45.0,35.0,0.0,0.0,0.0,20.0,0.0,8192.0,3514737.0,1262613.0,0.0,0.0,9402.0,47905.0
49.0,30.0,0.0,0.0,0.0,21.0,0.0,20480.0,3447144.0,1171432.0,0.0,0.0,9128.0,47238.0
48.0,34.0,0.0,0.0,0.0,18.0,0.0,0.0,3263209.0,1225387.0,0.0,0.0,8617.0,44970.0
46.0,33.0,1.0,0.0,0.0,20.0,0.0,0.0,3361931.0,1197199.0,0.0,0.0,8786.0,46237.0
47.0,33.0,0.0,0.0,0.0,20.0,0.0,0.0,3596713.0,1277513.0,0.0,0.0,9595.0,49001.0
51.0,29.0,0.0,0.0,0.0,20.0,0.0,0.0,3638527.0,1275213.0,0.0,0.0,9657.0,49748.0
47.0,36.0,0.0,0.0,0.0,17.0,0.0,12288.0,3565493.0,1228467.0,0.0,0.0,9412.0,48694.0
45.545,34.653,0.990,0.0,0.0,18.812,0.0,0.0,3618880.0,1344314.0,0.0,0.0,9419.0,49325.0
55.0,27.0,1.0,0.0,0.0,17.0,0.0,0.0,3576980.0,1161344.0,0.0,0.0,9476.0,48821.0
46.465,32.323,0.0,0.0,0.0,21.212,0.0,0.0,3459224.0,1331800.0,0.0,0.0,9093.0,47322.0
50.0,29.0,0.0,0.0,0.0,21.0,0.0,16384.0,3412224.0,1057369.0,0.0,0.0,9105.0,46813.0
46.0,33.0,0.0,0.0,0.0,21.0,0.0,12288.0,3403273.0,1345386.0,0.0,0.0,8944.0,46644.0
45.0,35.0,0.0,0.0,0.0,20.0,0.0,0.0,3461531.0,1079057.0,0.0,0.0,9139.0,47457.0
47.525,29.703,0.990,0.0,0.0,21.782,0.0,0.0,3314896.0,1277322.0,0.0,0.0,8661.0,45574.0
47.475,29.293,0.0,0.0,0.0,23.232,0.0,0.0,3419456.0,1222344.0,0.0,0.0,9200.0,46891.0
51.485,27.723,0.0,0.0,0.0,20.792,0.0,0.0,3427591.0,1164077.0,0.0,0.0,9179.0,47030.0
51.515,29.293,0.0,0.0,0.0,19.192,0.0,12288.0,3522140.0,1345106.0,0.0,0.0,9397.0,47967.0
49.0,28.0,0.0,0.0,0.0,23.0,0.0,0.0,3564610.0,1148170.0,0.0,0.0,9370.0,48682.0
52.0,29.0,1.0,0.0,0.0,18.0,0.0,0.0,3639586.0,1381980.0,0.0,0.0,9648.0,49668.0
54.0,29.0,0.0,0.0,0.0,17.0,0.0,0.0,3557494.0,1103128.0,0.0,0.0,9451.0,48859.0
48.0,31.0,0.0,0.0,0.0,21.0,0.0,0.0,3618779.0,1090269.0,0.0,0.0,9669.0,49693.0
52.0,33.0,0.0,0.0,0.0,15.0,0.0,12288.0,3616874.0,1397868.0,0.0,0.0,9528.0,49452.0
48.0,33.0,0.0,0.0,0.0,19.0,0.0,0.0,3482401.0,1316621.0,0.0,0.0,9133.0,47596.0
53.465,29.703,0.990,0.0,0.0,15.842,0.0,0.0,3327042.0,1054056.0,0.0,0.0,8636.0,45629.0
40.404,37.374,0.0,0.0,0.0,22.222,0.0,0.0,3315611.0,1321447.0,0.0,0.0,8704.0,45608.0
47.0,33.0,0.0,0.0,0.0,20.0,0.0,0.0,3317992.0,1025014.0,0.0,0.0,8651.0,45749.0
52.0,32.0,0.0,0.0,0.0,16.0,0.0,12288.0,3486578.0,1334612.0,0.0,0.0,9253.0,47912.0
50.0,31.0,0.0,0.0,0.0,19.0,0.0,0.0,3538405.0,1351939.0,0.0,0.0,9363.0,48512.0
49.0,30.0,0.0,0.0,0.0,21.0,0.0,0.0,3561569.0,1097951.0,0.0,0.0,9403.0,48901.0
50.0,28.0,1.0,0.0,0.0,21.0,0.0,0.0,3456814.0,1379690.0,0.0,0.0,9092.0,47401.0
41.584,38.614,0.0,0.0,0.0,19.802,0.0,0.0,3485357.0,1188477.0,0.0,0.0,9162.0,48007.0
43.0,32.0,0.0,0.0,0.0,25.0,0.0,12288.0,3459898.0,1222216.0,0.0,0.0,9079.0,47539.0
49.0,29.0,0.0,0.0,0.0,22.0,0.0,0.0,3411521.0,1273059.0,0.0,0.0,8977.0,46888.0
47.0,34.0,0.0,0.0,0.0,19.0,0.0,0.0,3620203.0,1155661.0,0.0,0.0,9546.0,49617.0
47.0,32.0,1.0,0.0,0.0,20.0,0.0,0.0,3628213.0,1402855.0,0.0,0.0,9546.0,49429.0
50.0,34.0,0.0,0.0,0.0,16.0,0.0,8192.0,3630233.0,1091967.0,0.0,0.0,9552.0,49529.0
48.0,32.0,0.0,0.0,0.0,20.0,0.0,20480.0,3469574.0,1368902.0,0.0,0.0,9111.0,47553.0
50.505,32.323,0.0,0.0,0.0,17.172,0.0,0.0,3412597.0,1014863.0,0.0,0.0,8915.0,47016.0
54.455,27.723,0.990,0.0,0.0,16.832,0.0,0.0,3361361.0,1335417.0,0.0,0.0,8873.0,46030.0
49.0,32.0,0.0,0.0,0.0,19.0,0.0,0.0,3516587.0,1045152.0,0.0,0.0,9157.0,48214.0
50.505,29.293,0.0,0.0,0.0,20.202,0.0,16384.0,3591175.0,1404345.0,0.0,0.0,9526.0,48958.0
44.554,35.644,0.0,0.0,0.0,19.802,0.0,16384.0,3438764.0,1110814.0,0.0,0.0,9073.0,47181.0
47.0,35.0,1.0,0.0,0.0,17.0,0.0,0.0,3361588.0,1248070.0,0.0,0.0,9045.0,46023.0
48.0,33.0,0.0,0.0,0.0,19.0,0.0,0.0,3377704.0,1241407.0,0.0,0.0,9049.0,46351.0
45.0,38.0,1.0,0.0,0.0,16.0,0.0,0.0,3293783.0,1079498.0,0.0,0.0,8808.0,45374.0
47.475,31.313,1.010,0.0,0.0,20.202,0.0,0.0,2995180.0,901184.0,0.0,0.0,7885.0,41503.0
47.525,35.644,0.990,0.0,0.0,15.842,0.0,12288.0,3303244.0,1309154.0,0.0,0.0,8657.0,45311.0
45.545,31.683,0.0,0.0,0.0,22.772,0.0,0.0,3487268.0,1148070.0,0.0,0.0,9277.0,47839.0
41.414,36.364,0.0,0.0,0.0,22.222,0.0,0.0,3420214.0,1242412.0,0.0,0.0,9052.0,47030.0
47.0,34.0,0.0,0.0,0.0,19.0,0.0,0.0,3683980.0,1267876.0,0.0,0.0,9820.0,50307.0
45.545,29.703,0.990,0.0,0.0,23.762,0.0,0.0,3749714.0,1280736.0,0.0,0.0,10114.0,51155.0
50.505,27.273,0.0,0.0,0.0,22.222,0.0,12288.0,3701410.0,1369138.0,0.0,0.0,10121.0,50731.0
48.0,27.0,0.0,0.0,0.0,25.0,0.0,0.0,3662812.0,1157546.0,0.0,0.0,9780.0,49976.0
48.515,27.723,0.0,0.0,0.0,23.762,0.0,0.0,3556217.0,1393553.0,0.0,0.0,9461.0,48622.0
50.505,31.313,0.0,0.0,0.0,18.182,0.0,0.0,3649759.0,1085947.0,0.0,0.0,9683.0,49821.0
48.0,31.0,0.0,0.0,0.0,21.0,0.0,0.0,3682124.0,1430900.0,0.0,0.0,9678.0,50263.0
46.0,34.0,0.0,0.0,0.0,20.0,0.0,12288.0,3622735.0,1174485.0,0.0,0.0,9580.0,49462.0
48.0,32.0,1.0,0.0,0.0,19.0,0.0,0.0,3557408.0,1300302.0,0.0,0.0,9370.0,48680.0
51.0,28.0,0.0,0.0,0.0,21.0,0.0,0.0,3548321.0,1267925.0,0.0,0.0,9312.0,48427.0
46.465,30.303,0.0,0.0,0.0,23.232,0.0,0.0,3472085.0,1156605.0,0.0,0.0,9034.0,47665.0
44.554,34.653,1.980,0.0,0.0,18.812,0.0,0.0,3447154.0,1278802.0,0.0,0.0,9060.0,47139.0
49.0,27.0,0.0,0.0,0.0,24.0,0.0,12288.0,3466726.0,1113992.0,0.0,0.0,9148.0,47592.0
47.525,32.673,0.0,0.0,0.0,19.802,0.0,0.0,3582527.0,1288565.0,0.0,0.0,9444.0,48962.0
52.0,28.0,0.0,0.0,0.0,20.0,0.0,0.0,3586537.0,1294789.0,0.0,0.0,9490.0,49158.0
49.0,32.0,1.0,0.0,0.0,18.0,0.0,0.0,3478742.0,1256130.0,0.0,0.0,9121.0,47580.0
47.475,26.263,1.010,0.0,0.0,25.253,0.0,0.0,3483637.0,1315371.0,0.0,0.0,9302.0,47636.0
44.444,28.283,1.010,0.0,0.0,26.263,0.0,12288.0,3472303.0,1091091.0,0.0,0.0,9170.0,47783.0
50.0,36.0,0.0,0.0,0.0,14.0,0.0,0.0,3514601.0,1309495.0,0.0,0.0,9451.0,48443.0
51.485,29.703,0.0,0.0,0.0,18.812,0.0,0.0,3458873.0,1100603.0,0.0,0.0,9142.0,47612.0
48.0,35.0,0.0,0.0,0.0,17.0,0.0,0.0,3438905.0,1359523.0,0.0,0.0,9012.0,47155.0
49.0,30.0,1.0,0.0,0.0,20.0,0.0,36864.0,3332644.0,1147176.0,0.0,0.0,8816.0,45712.0
51.515,27.273,0.0,0.0,0.0,21.212,0.0,12288.0,3297167.0,1161183.0,0.0,0.0,8562.0,45206.0
48.0,34.0,0.0,0.0,0.0,18.0,0.0,0.0,3449497.0,1359051.0,0.0,0.0,9092.0,47316.0
52.0,30.0,0.0,0.0,0.0,18.0,0.0,0.0,3088328.0,921714.0,0.0,0.0,8076.0,42398.0
53.465,28.713,0.990,0.0,0.0,16.832,0.0,0.0,3495286.0,1272100.0,0.0,0.0,9237.0,47644.0
48.515,29.703,0.0,0.0,0.0,21.782,0.0,0.0,3500353.0,1145465.0,0.0,0.0,9209.0,47798.0
44.444,32.323,0.0,0.0,0.0,23.232,0.0,12288.0,3467435.0,1367707.0,0.0,0.0,9124.0,47346.0
50.0,32.0,0.0,0.0,0.0,18.0,0.0,0.0,3462622.0,1114092.0,0.0,0.0,9144.0,47412.0
44.0,34.0,1.0,0.0,0.0,21.0,0.0,0.0,3482006.0,1289878.0,0.0,0.0,9259.0,47539.0
45.545,29.703,0.0,0.0,0.0,24.752,0.0,0.0,3539944.0,1260944.0,0.0,0.0,9405.0,48236.0
50.0,28.0,0.0,0.0,0.0,22.0,0.0,0.0,3580720.0,1193140.0,0.0,0.0,9414.0,48618.0
47.475,36.364,0.0,0.0,0.0,16.162,0.0,12288.0,3584398.0,1283268.0,0.0,0.0,9537.0,48761.0
53.0,30.0,0.0,0.0,0.0,17.0,0.0,0.0,3403925.0,1131623.0,0.0,0.0,8940.0,46490.0
41.584,35.644,0.990,0.0,0.0,21.782,0.0,0.0,2990067.0,974161.0,0.0,0.0,7626.0,41074.0
51.485,28.713,0.990,0.0,0.0,18.812,0.0,0.0,3266252.0,1222718.0,0.0,0.0,8708.0,44686.0
48.0,33.0,0.0,0.0,0.0,19.0,0.0,0.0,3375581.0,1178879.0,0.0,0.0,8698.0,45984.0
46.465,36.364,0.0,0.0,0.0,17.172,0.0,12288.0,3267125.0,1192027.0,0.0,0.0,8588.0,44739.0
43.564,35.644,0.990,0.0,0.0,19.802,0.0,0.0,3337702.0,1270460.0,0.0,0.0,8730.0,45615.0
49.0,32.0,0.0,0.0,0.0,19.0,0.0,0.0,3383717.0,1242487.0,0.0,0.0,8833.0,46190.0
54.545,30.303,0.0,0.0,0.0,15.152,0.0,0.0,3410659.0,1114309.0,0.0,0.0,8854.0,46598.0
46.0,34.0,0.0,0.0,0.0,20.0,0.0,0.0,3245498.0,1301146.0,0.0,0.0,8453.0,44423.0
49.020,31.373,0.980,0.0,0.0,18.627,0.0,12288.0,3312895.0,985981.0,0.0,0.0,8608.0,45342.0
51.515,33.333,0.0,0.0,0.0,15.152,0.0,0.0,3351634.0,1332424.0,0.0,0.0,8743.0,45639.0
51.0,31.0,0.0,0.0,0.0,18.0,0.0,0.0,3533129.0,1089819.0,0.0,0.0,9382.0,48051.0
46.535,28.713,0.990,0.0,0.0,23.762,0.0,0.0,3367677.0,1302063.0,0.0,0.0,8813.0,45836.0
51.0,31.0,0.0,0.0,0.0,18.0,0.0,0.0,3480838.0,1196296.0,0.0,0.0,9173.0,47492.0
46.0,32.0,0.0,0.0,0.0,22.0,0.0,16384.0,3499130.0,1215742.0,0.0,0.0,9204.0,47566.0
50.0,32.0,0.0,0.0,0.0,18.0,0.0,0.0,3474982.0,1333514.0,0.0,0.0,9141.0,47299.0
52.0,27.0,1.0,0.0,0.0,20.0,0.0,0.0,3569708.0,1098062.0,0.0,0.0,9408.0,48505.0
49.495,32.323,0.0,0.0,0.0,18.182,0.0,0.0,3351754.0,1333166.0,0.0,0.0,8760.0,45741.0
51.0,33.0,0.0,0.0,0.0,16.0,0.0,16384.0,3699692.0,1113846.0,0.0,0.0,9824.0,50344.0
48.515,34.653,0.0,0.0,0.0,16.832,0.0,12288.0,3617959.0,1399603.0,0.0,0.0,9591.0,49075.0
50.495,27.723,0.990,0.0,0.0,20.792,0.0,0.0,3637726.0,1084358.0,0.0,0.0,9742.0,49383.0
52.525,29.293,0.0,0.0,0.0,18.182,0.0,0.0,3626936.0,1412220.0,0.0,0.0,9623.0,49241.0
51.485,30.693,0.0,0.0,0.0,17.822,0.0,0.0,3356350.0,1097094.0,0.0,0.0,8944.0,46154.0
52.0,33.0,1.0,0.0,0.0,14.0,0.0,8192.0,3413420.0,1252602.0,0.0,0.0,8967.0,46568.0
47.525,34.653,0.0,0.0,0.0,17.822,0.0,20480.0,3503245.0,1268391.0,0.0,0.0,9263.0,47731.0
44.444,34.343,0.0,0.0,0.0,21.212,0.0,0.0,3466175.0,1140875.0,0.0,0.0,8999.0,47307.0
48.0,31.0,0.0,0.0,0.0,21.0,0.0,0.0,3525395.0,1384907.0,0.0,0.0,9307.0,48067.0
47.0,31.0,0.0,0.0,0.0,22.0,0.0,0.0,3567915.0,1062939.0,0.0,0.0,9478.0,48569.0
48.0,32.0,0.0,0.0,0.0,20.0,0.0,0.0,3573785.0,1404577.0,0.0,0.0,9512.0,48743.0
45.0,35.0,2.0,0.0,0.0,18.0,0.0,12288.0,3419449.0,1017039.0,0.0,0.0,8974.0,46702.0
49.0,35.0,0.0,0.0,0.0,16.0,0.0,0.0,3522055.0,1383771.0,0.0,0.0,9287.0,48009.0
52.0,31.0,1.0,0.0,0.0,16.0,0.0,0.0,3418796.0,1200780.0,0.0,0.0,8984.0,46573.0
47.525,29.703,0.990,0.0,0.0,21.782,0.0,0.0,3498754.0,1193456.0,0.0,0.0,9252.0,47742.0
54.545,28.283,0.0,0.0,0.0,17.172,0.0,0.0,3580103.0,1400361.0,0.0,0.0,9555.0,48622.0
47.0,34.0,0.0,0.0,0.0,19.0,0.0,12288.0,3469204.0,1032548.0,0.0,0.0,9122.0,47433.0
46.535,31.683,0.0,0.0,0.0,21.782,0.0,0.0,3472170.0,1369395.0,0.0,0.0,9109.0,47305.0
41.0,38.0,0.0,0.0,0.0,21.0,0.0,0.0,3513834.0,1044629.0,0.0,0.0,9314.0,47740.0
46.0,35.0,0.0,0.0,0.0,19.0,0.0,0.0,3543742.0,1390468.0,0.0,0.0,9290.0,48332.0
48.485,32.323,0.0,0.0,0.0,19.192,0.0,0.0,3395347.0,1010549.0,0.0,0.0,8860.0,46535.0
49.020,34.314,0.980,0.0,0.0,15.686,0.0,12288.0,3268964.0,1308856.0,0.0,0.0,8496.0,44820.0
51.515,31.313,0.0,0.0,0.0,17.172,0.0,0.0,3582838.0,1103816.0,0.0,0.0,9399.0,48942.0
51.0,29.0,0.0,0.0,0.0,20.0,0.0,0.0,3490219.0,1336255.0,0.0,0.0,9190.0,47547.0
44.0,35.0,0.0,0.0,0.0,21.0,0.0,0.0,3528206.0,1128060.0,0.0,0.0,9280.0,48159.0
48.0,33.0,0.0,0.0,0.0,19.0,0.0,4096.0,3557674.0,1315662.0,0.0,0.0,9466.0,48392.0
48.0,34.0,0.0,0.0,0.0,18.0,0.0,12288.0,3424930.0,1107614.0,0.0,0.0,8941.0,46808.0
51.0,28.0,1.0,0.0,0.0,20.0,0.0,0.0,3461132.0,1276884.0,0.0,0.0,9205.0,46989.0
50.0,32.0,0.0,0.0,0.0,18.0,0.0,0.0,3134800.0,1268806.0,0.0,0.0,8335.0,43180.0
43.0,36.0,1.0,0.0,0.0,20.0,0.0,0.0,3268403.0,972047.0,0.0,0.0,8671.0,44733.0
51.485,28.713,0.0,0.0,0.0,19.802,0.0,28672.0,3568228.0,1396490.0,0.0,0.0,9523.0,48620.0
50.505,29.293,0.0,0.0,0.0,20.202,0.0,12288.0,3739087.0,1113031.0,0.0,0.0,9919.0,50702.0
52.0,34.0,0.0,0.0,0.0,14.0,0.0,0.0,3661076.0,1424148.0,0.0,0.0,9747.0,49590.0
53.0,29.0,0.0,0.0,0.0,18.0,0.0,0.0,3685798.0,1125564.0,0.0,0.0,9770.0,49962.0
42.574,35.644,0.0,0.0,0.0,21.782,0.0,0.0,3665491.0,1398399.0,0.0,0.0,9777.0,49531.0
45.0,33.0,0.0,0.0,0.0,22.0,0.0,0.0,3664493.0,1268623.0,0.0,0.0,9784.0,49486.0
48.980,32.653,0.0,0.0,0.0,18.367,0.0,12288.0,3659734.0,1245910.0,0.0,0.0,9646.0,49553.0
51.485,27.723,0.0,0.0,0.0,20.792,0.0,0.0,3690818.0,1365948.0,0.0,0.0,9716.0,49982.0
52.0,33.0,1.0,0.0,0.0,14.0,0.0,0.0,3607744.0,1140916.0,0.0,0.0,9505.0,48798.0
48.0,31.0,0.0,0.0,0.0,21.0,0.0,0.0,3648301.0,1421511.0,0.0,0.0,9668.0,49359.0
48.0,32.0,0.0,0.0,0.0,20.0,0.0,8192.0,3675855.0,1100763.0,0.0,0.0,9822.0,49619.0
51.0,28.0,1.0,0.0,0.0,20.0,0.0,20480.0,3566539.0,1398811.0,0.0,0.0,9392.0,48345.0
45.0,38.0,0.0,0.0,0.0,17.0,0.0,0.0,3446797.0,1025393.0,0.0,0.0,8982.0,46745.0
49.495,31.313,0.0,0.0,0.0,19.192,0.0,0.0,3304583.0,1319247.0,0.0,0.0,8738.0,44929.0
50.980,28.431,0.980,0.0,0.0,19.608,0.0,0.0,3467485.0,1031525.0,0.0,0.0,9097.0,47194.0
45.0,36.0,0.0,0.0,0.0,19.0,0.0,0.0,3461950.0,1365748.0,0.0,0.0,9078.0,47040.0
53.0,29.0,0.0,0.0,0.0,18.0,0.0,12288.0,3613600.0,1074960.0,0.0,0.0,9531.0,48931.0
54.0,29.0,0.0,0.0,0.0,17.0,0.0,0.0,3675128.0,1429112.0,0.0,0.0,9769.0,49759.0
46.0,34.0,0.0,0.0,0.0,20.0,0.0,0.0,3639565.0,1108165.0,0.0,0.0,9694.0,49414.0
49.495,30.303,0.0,0.0,0.0,20.202,0.0,0.0,3463631.0,1341029.0,0.0,0.0,9256.0,46879.0
49.0,33.0,0.0,0.0,0.0,18.0,0.0,0.0,3536425.0,1082411.0,0.0,0.0,9295.0,48019.0
51.0,26.0,0.0,0.0,0.0,23.0,0.0,12288.0,3546732.0,1163200.0,0.0,0.0,9281.0,48674.0
49.505,33.663,0.990,0.0,0.0,15.842,0.0,0.0,3598193.0,1319537.0,0.0,0.0,9390.0,49555.0
50.505,29.293,0.0,0.0,0.0,20.202,0.0,0.0,3508063.0,1240905.0,0.0,0.0,9301.0,47509.0
53.0,28.0,0.0,0.0,0.0,19.0,0.0,0.0,3594455.0,1374757.0,0.0,0.0,9512.0,48595.0
53.0,31.0,0.0,0.0,0.0,16.0,0.0,0.0,3558133.0,1166575.0,0.0,0.0,9331.0,48130.0
44.444,35.354,0.0,0.0,0.0,20.202,0.0,12288.0,3515998.0,1273838.0,0.0,0.0,9178.0,47671.0
46.078,31.373,0.980,0.0,0.0,21.569,0.0,0.0,3518639.0,1373029.0,0.0,0.0,9284.0,47577.0
47.475,34.343,0.0,0.0,0.0,18.182,0.0,0.0,3538744.0,1063460.0,0.0,0.0,9319.0,47993.0
52.475,32.673,0.0,0.0,0.0,14.851,0.0,0.0,3529111.0,1386177.0,0.0,0.0,9351.0,48129.0
53.535,31.313,0.0,0.0,0.0,15.152,0.0,16384.0,3488255.0,1037455.0,0.0,0.0,9189.0,47419.0
54.455,29.703,0.0,0.0,0.0,15.842,0.0,12288.0,3558214.0,1394592.0,0.0,0.0,9459.0,48428.0
44.444,32.323,0.0,0.0,0.0,23.232,0.0,0.0,3478241.0,1119813.0,0.0,0.0,9139.0,47655.0
52.0,30.0,0.0,0.0,0.0,18.0,0.0,0.0,3445579.0,1276641.0,0.0,0.0,9113.0,46949.0
52.0,30.0,0.0,0.0,0.0,18.0,0.0,0.0,3513881.0,1258485.0,0.0,0.0,9333.0,47929.0
50.980,31.373,0.980,0.0,0.0,16.667,0.0,0.0,3281092.0,1100234.0,0.0,0.0,8608.0,44740.0
53.535,29.293,0.0,0.0,0.0,17.172,0.0,12288.0,3417458.0,1352762.0,0.0,0.0,8931.0,46446.0
46.465,38.384,0.0,0.0,0.0,15.152,0.0,0.0,3457231.0,1046027.0,0.0,0.0,9093.0,46928.0
46.535,29.703,0.990,0.0,0.0,22.772,0.0,0.0,3317627.0,1269095.0,0.0,0.0,8611.0,45352.0
51.515,31.313,0.0,0.0,0.0,17.172,0.0,0.0,3268183.0,1290761.0,0.0,0.0,8648.0,44458.0
46.535,35.644,0.0,0.0,0.0,17.822,0.0,0.0,3259049.0,1030487.0,0.0,0.0,8619.0,44533.0
50.0,33.0,0.0,0.0,0.0,17.0,0.0,12288.0,3229625.0,1297027.0,0.0,0.0,8343.0,43982.0
52.0,31.0,1.0,0.0,0.0,16.0,0.0,0.0,3353152.0,1077628.0,0.0,0.0,8733.0,45665.0
44.444,32.323,0.0,0.0,0.0,23.232,0.0,0.0,3252318.0,1223395.0,0.0,0.0,8534.0,44278.0
49.505,28.713,0.0,0.0,0.0,21.782,0.0,0.0,3294183.0,1225856.0,0.0,0.0,8583.0,44799.0
50.0,29.0,0.0,0.0,0.0,21.0,0.0,8192.0,3360928.0,1089652.0,0.0,0.0,8853.0,45738.0
44.444,34.343,0.0,0.0,0.0,21.212,0.0,20480.0,3488554.0,1259638.0,0.0,0.0,9261.0,47368.0
52.475,31.683,0.990,0.0,0.0,14.851,0.0,0.0,3355613.0,1112409.0,0.0,0.0,8910.0,45694.0
49.0,28.0,0.0,0.0,0.0,23.0,0.0,0.0,3332245.0,1277095.0,0.0,0.0,8657.0,45419.0
46.0,36.0,0.0,0.0,0.0,18.0,0.0,0.0,3236582.0,1026242.0,0.0,0.0,8468.0,44143.0
47.525,33.663,0.990,0.0,0.0,17.822,0.0,0.0,3243397.0,1287789.0,0.0,0.0,8530.0,44229.0
44.444,34.343,0.0,0.0,0.0,21.212,0.0,12288.0,3344077.0,1081861.0,0.0,0.0,8730.0,45487.0
53.0,28.0,0.0,0.0,0.0,19.0,0.0,0.0,3368846.0,1251134.0,0.0,0.0,8730.0,45832.0
49.0,26.0,0.0,0.0,0.0,25.0,0.0,0.0,3597932.0,1265378.0,0.0,0.0,9393.0,48647.0
49.0,32.0,0.0,0.0,0.0,19.0,0.0,0.0,3675653.0,1234809.0,0.0,0.0,9690.0,49758.0
45.0,37.0,0.0,0.0,0.0,18.0,0.0,0.0,3707527.0,1439185.0,0.0,0.0,9741.0,50181.0
50.505,29.293,0.0,0.0,0.0,20.202,0.0,12288.0,3666829.0,1091003.0,0.0,0.0,9675.0,49607.0
48.0,35.0,0.0,0.0,0.0,17.0,0.0,0.0,3709988.0,1439480.0,0.0,0.0,9853.0,50077.0
51.485,32.673,0.0,0.0,0.0,15.842,0.0,0.0,3697072.0,1252068.0,0.0,0.0,9733.0,49946.0
54.0,29.0,0.0,0.0,0.0,17.0,0.0,0.0,3677726.0,1277204.0,0.0,0.0,9683.0,49771.0
49.505,30.693,0.990,0.0,0.0,18.812,0.0,16384.0,3628432.0,1308490.0,0.0,0.0,9647.0,49098.0
49.0,34.0,0.0,0.0,0.0,17.0,0.0,12288.0,3659696.0,1195420.0,0.0,0.0,9637.0,49634.0
48.485,30.303,0.0,0.0,0.0,21.212,0.0,0.0,3645005.0,1420465.0,0.0,0.0,9654.0,49259.0
46.0,34.0,0.0,0.0,0.0,20.0,0.0,0.0,3529931.0,1049677.0,0.0,0.0,9163.0,48057.0
46.0,38.0,1.0,0.0,0.0,15.0,0.0,0.0,3347956.0,1332062.0,0.0,0.0,8715.0,45512.0
42.574,37.624,0.0,0.0,0.0,19.802,0.0,0.0,3342292.0,994411.0,0.0,0.0,8692.0,45590.0
50.505,32.323,0.0,0.0,0.0,17.172,0.0,12288.0,3377599.0,1342600.0,0.0,0.0,8824.0,46187.0
50.980,28.431,0.0,0.0,0.0,20.588,0.0,0.0,3366146.0,1001174.0,0.0,0.0,8768.0,45701.0
50.0,34.694,0.0,0.0,0.0,15.306,0.0,0.0,3461830.0,1365956.0,0.0,0.0,9106.0,47004.0
52.475,31.683,0.0,0.0,0.0,15.842,0.0,0.0,3225106.0,959164.0,0.0,0.0,8423.0,43923.0
50.505,28.283,0.0,0.0,0.0,21.212,0.0,0.0,3633752.0,1417022.0,0.0,0.0,9631.0,49829.0
51.0,29.0,0.0,0.0,0.0,20.0,0.0,16384.0,3503524.0,1041946.0,0.0,0.0,9190.0,47663.0
48.039,33.333,0.980,0.0,0.0,17.647,0.0,0.0,3380699.0,1341985.0,0.0,0.0,8879.0,46202.0
54.082,28.571,2.041,0.0,0.0,15.306,0.0,0.0,3127142.0,1266798.0,0.0,0.0,8105.0,42794.0
53.535,30.303,0.0,0.0,0.0,16.162,0.0,0.0,3366844.0,1001792.0,0.0,0.0,8721.0,45724.0
58.824,25.490,0.980,0.0,0.0,14.706,0.0,0.0,3459953.0,1364827.0,0.0,0.0,9101.0,46955.0
54.0,30.0,0.0,0.0,0.0,16.0,0.0,12288.0,3510880.0,1045068.0,0.0,0.0,9415.0,47470.0
47.0,34.0,0.0,0.0,0.0,19.0,0.0,0.0,3456718.0,1228088.0,0.0,0.0,9072.0,47606.0
54.0,31.0,0.0,0.0,0.0,15.0,0.0,0.0,3323192.0,1124886.0,0.0,0.0,8622.0,45230.0
47.0,34.0,0.0,0.0,0.0,19.0,0.0,0.0,3317560.0,1323150.0,0.0,0.0,8771.0,44981.0
52.525,32.323,0.0,0.0,0.0,15.152,0.0,16384.0,3343717.0,994423.0,0.0,0.0,8877.0,45430.0
46.078,30.392,1.961,0.0,0.0,21.569,0.0,12288.0,3140075.0,1270511.0,0.0,0.0,8211.0,42674.0
50.0,33.673,0.0,0.0,0.0,16.327,0.0,0.0,3492631.0,1229885.0,0.0,0.0,9177.0,47095.0
52.0,30.0,0.0,0.0,0.0,18.0,0.0,0.0,3467048.0,1176580.0,0.0,0.0,9116.0,46830.0
51.485,33.663,0.0,0.0,0.0,14.851,0.0,0.0,3354712.0,1334164.0,0.0,0.0,8787.0,45456.0
49.495,30.303,0.0,0.0,0.0,20.202,0.0,0.0,3486842.0,1036836.0,0.0,0.0,9188.0,47244.0
43.0,39.0,2.0,0.0,0.0,16.0,0.0,12288.0,3415253.0,1350979.0,0.0,0.0,9013.0,46276.0
45.0,38.0,0.0,0.0,0.0,17.0,0.0,0.0,3352378.0,998122.0,0.0,0.0,8789.0,45433.0
54.0,33.0,1.0,0.0,0.0,12.0,0.0,0.0,3277538.0,1313434.0,0.0,0.0,8591.0,44570.0
52.0,30.0,0.0,0.0,0.0,18.0,0.0,0.0,3541844.0,1179746.0,0.0,0.0,9435.0,47852.0
44.0,37.0,0.0,0.0,0.0,19.0,0.0,0.0,3582901.0,1278005.0,0.0,0.0,9449.0,48301.0
48.485,32.323,1.010,0.0,0.0,18.182,0.0,28672.0,3477788.0,1330873.0,0.0,0.0,9186.0,47077.0
50.0,32.0,0.0,0.0,0.0,18.0,0.0,0.0,3298378.0,1020741.0,0.0,0.0,8731.0,44818.0
49.505,32.673,0.990,0.0,0.0,16.832,0.0,0.0,3424231.0,1230583.0,0.0,0.0,8957.0,46367.0
55.0,29.0,0.0,0.0,0.0,16.0,0.0,0.0,3571724.0,1187400.0,0.0,0.0,9561.0,48311.0
42.0,40.0,0.0,0.0,0.0,18.0,0.0,0.0,3589336.0,1403526.0,0.0,0.0,9540.0,48408.0
49.0,32.0,0.0,0.0,0.0,19.0,0.0,12288.0,3668930.0,1195824.0,0.0,0.0,9723.0,49439.0
47.0,32.0,0.0,0.0,0.0,21.0,0.0,0.0,3556195.0,1290527.0,0.0,0.0,9386.0,48057.0
52.475,32.673,0.990,0.0,0.0,13.861,0.0,0.0,3426250.0,1202890.0,0.0,0.0,8996.0,46411.0
52.525,29.293,0.0,0.0,0.0,18.182,0.0,0.0,3629234.0,1231880.0,0.0,0.0,9635.0,49004.0
46.535,36.634,0.0,0.0,0.0,16.832,0.0,0.0,3597211.0,1368473.0,0.0,0.0,9606.0,48430.0
51.0,31.0,0.0,0.0,0.0,18.0,0.0,16384.0,3485537.0,1074405.0,0.0,0.0,9055.0,47229.0
51.0,32.0,0.0,0.0,0.0,17.0,0.0,0.0,3315475.0,1322479.0,0.0,0.0,8712.0,44938.0
52.525,33.333,0.0,0.0,0.0,14.141,0.0,0.0,3488975.0,1198947.0,0.0,0.0,9116.0,47205.0
50.0,35.0,0.0,0.0,0.0,15.0,0.0,0.0,3632410.0,1255612.0,0.0,0.0,9524.0,49023.0
51.0,30.0,0.0,0.0,0.0,19.0,0.0,0.0,3507065.0,1284589.0,0.0,0.0,9147.0,47480.0
51.485,32.673,0.990,0.0,0.0,14.851,0.0,12288.0,3441361.0,1118413.0,0.0,0.0,9071.0,46666.0
54.0,33.0,0.0,0.0,0.0,13.0,0.0,0.0,3316277.0,1322657.0,0.0,0.0,8705.0,45012.0
54.545,31.313,0.0,0.0,0.0,14.141,0.0,0.0,3072175.0,926509.0,0.0,0.0,7827.0,42200.0
51.485,29.703,0.990,0.0,0.0,17.822,0.0,0.0,3159106.0,1263112.0,0.0,0.0,8154.0,43059.0
50.0,33.0,0.0,0.0,0.0,17.0,0.0,0.0,3246296.0,1054394.0,0.0,0.0,8501.0,44207.0
48.0,36.0,0.0,0.0,0.0,16.0,0.0,20480.0,3335743.0,1239705.0,0.0,0.0,8618.0,45265.0
50.495,31.683,0.0,0.0,0.0,17.822,0.0,0.0,3279698.0,1311962.0,0.0,0.0,8517.0,44707.0
50.505,30.303,0.0,0.0,0.0,19.192,0.0,0.0,3414256.0,1015428.0,0.0,0.0,9117.0,46157.0
50.0,32.0,3.0,0.0,0.0,15.0,0.0,0.0,3070196.0,1249544.0,0.0,0.0,8111.0,41894.0
46.465,31.313,0.0,0.0,0.0,22.222,0.0,0.0,3486652.0,1075545.0,0.0,0.0,9186.0,47152.0
48.515,29.703,0.0,0.0,0.0,21.782,0.0,24576.0,3614543.0,1374039.0,0.0,0.0,9540.0,48840.0
50.0,33.0,0.0,0.0,0.0,17.0,0.0,0.0,3539863.0,1059041.0,0.0,0.0,9315.0,47805.0
53.535,29.293,1.010,0.0,0.0,16.162,0.0,0.0,3233399.0,1291671.0,0.0,0.0,8569.0,43818.0
52.525,30.303,0.0,0.0,0.0,17.172,0.0,0.0,3718492.0,1374138.0,0.0,0.0,9720.0,50101.0
49.505,32.673,0.0,0.0,0.0,17.822,0.0,0.0,3611362.0,1142468.0,0.0,0.0,9482.0,48705.0
48.0,32.0,1.0,0.0,0.0,19.0,0.0,28672.0,3499823.0,1315707.0,0.0,0.0,9154.0,47352.0
52.525,34.343,0.0,0.0,0.0,13.131,0.0,0.0,3499213.0,1114591.0,0.0,0.0,9135.0,47338.0
51.485,29.703,0.990,0.0,0.0,17.822,0.0,0.0,3367822.0,1296468.0,0.0,0.0,8836.0,45531.0
45.0,36.0,0.0,0.0,0.0,19.0,0.0,0.0,3125093.0,971349.0,0.0,0.0,8023.0,42681.0
49.0,31.0,0.0,0.0,0.0,20.0,0.0,0.0,3325789.0,1325497.0,0.0,0.0,8600.0,45078.0
44.444,37.374,0.0,0.0,0.0,18.182,0.0,12288.0,3467485.0,1031269.0,0.0,0.0,9097.0,46864.0
53.922,29.412,0.980,0.0,0.0,15.686,0.0,0.0,3415559.0,1352351.0,0.0,0.0,8893.0,46124.0
45.0,40.0,1.0,0.0,0.0,14.0,0.0,0.0,3165901.0,1064361.0,0.0,0.0,8300.0,43007.0
52.525,27.273,0.0,0.0,0.0,20.202,0.0,0.0,3375002.0,1217434.0,0.0,0.0,8834.0,45636.0
48.0,34.0,0.0,0.0,0.0,18.0,0.0,0.0,3276298.0,1310804.0,0.0,0.0,8465.0,44403.0
50.505,32.323,0.0,0.0,0.0,17.172,0.0,12288.0,3268301.0,972101.0,0.0,0.0,8635.0,44267.0
47.525,36.634,1.980,0.0,0.0,13.861,0.0,0.0,3105637.0,1259471.0,0.0,0.0,8146.0,42241.0
48.0,30.0,3.0,0.0,0.0,19.0,0.0,0.0,2977630.0,886146.0,0.0,0.0,7561.0,40624.0
42.574,37.624,0.0,0.0,0.0,19.802,0.0,0.0,3369026.0,1338356.0,0.0,0.0,8849.0,45486.0
51.0,31.0,0.0,0.0,0.0,18.0,0.0,0.0,3359428.0,1041928.0,0.0,0.0,8617.0,45536.0
46.535,34.653,0.0,0.0,0.0,18.812,0.0,12288.0,3447800.0,1319060.0,0.0,0.0,9005.0,46667.0
48.485,32.323,0.0,0.0,0.0,19.192,0.0,0.0,3369523.0,1313789.0,0.0,0.0,8672.0,45781.0
46.535,31.683,0.0,0.0,0.0,21.782,0.0,0.0,3365147.0,1026373.0,0.0,0.0,8794.0,45484.0
48.485,30.303,1.010,0.0,0.0,20.202,0.0,0.0,3405103.0,1348809.0,0.0,0.0,8864.0,46081.0
51.0,27.0,0.0,0.0,0.0,22.0,0.0,0.0,3323231.0,1001169.0,0.0,0.0,8728.0,45089.0
51.0,33.0,0.0,0.0,0.0,16.0,0.0,12288.0,3628337.0,1405301.0,0.0,0.0,9673.0,48905.0
49.505,27.723,0.0,0.0,0.0,22.772,0.0,0.0,3528932.0,1262656.0,0.0,0.0,9198.0,47704.0
55.0,30.0,2.0,0.0,0.0,13.0,0.0,0.0,3407101.0,1136471.0,0.0,0.0,8998.0,46007.0
53.0,25.0,0.0,0.0,0.0,22.0,0.0,0.0,3621037.0,1413621.0,0.0,0.0,9622.0,48862.0
51.0,33.0,1.0,0.0,0.0,15.0,0.0,0.0,3644864.0,1083956.0,0.0,0.0,9688.0,49009.0
52.475,32.673,0.0,0.0,0.0,14.851,0.0,20480.0,3668290.0,1426332.0,0.0,0.0,9756.0,49398.0
49.495,34.343,0.0,0.0,0.0,16.162,0.0,0.0,3574555.0,1076579.0,0.0,0.0,9382.0,48335.0
51.485,29.703,0.990,0.0,0.0,17.822,0.0,0.0,3688084.0,1422417.0,0.0,0.0,9755.0,49642.0
46.0,36.0,0.0,0.0,0.0,18.0,0.0,0.0,3608803.0,1160621.0,0.0,0.0,9437.0,48485.0
47.525,26.733,0.0,0.0,0.0,25.743,0.0,0.0,3606668.0,1321570.0,0.0,0.0,9498.0,48526.0
50.505,33.333,0.0,0.0,0.0,16.162,0.0,40960.0,3612601.0,1215617.0,0.0,0.0,9568.0,48842.0
55.0,27.0,0.0,0.0,0.0,18.0,0.0,0.0,3497389.0,1235527.0,0.0,0.0,9219.0,47265.0
47.0,35.0,0.0,0.0,0.0,18.0,0.0,0.0,3462628.0,1117364.0,0.0,0.0,8967.0,46930.0
49.505,28.713,0.0,0.0,0.0,21.782,0.0,0.0,3463331.0,1286015.0,0.0,0.0,9048.0,46739.0
47.959,35.714,0.0,0.0,0.0,16.327,0.0,0.0,3471544.0,1281938.0,0.0,0.0,9115.0,46873.0
47.525,36.634,0.0,0.0,0.0,15.842,0.0,12288.0,3491212.0,1125168.0,0.0,0.0,9197.0,47254.0
51.515,34.343,0.0,0.0,0.0,14.141,0.0,0.0,3491294.0,1228182.0,0.0,0.0,9309.0,47205.0
48.485,31.313,0.0,0.0,0.0,20.202,0.0,0.0,3527503.0,1197763.0,0.0,0.0,9211.0,47529.0
50.980,31.373,0.980,0.0,0.0,16.667,0.0,0.0,3575846.0,1399868.0,0.0,0.0,9375.0,48290.0
50.505,32.323,0.0,0.0,0.0,17.172,0.0,0.0,3627472.0,1101724.0,0.0,0.0,9623.0,48906.0
45.0,33.0,0.0,0.0,0.0,22.0,0.0,12288.0,3622139.0,1390561.0,0.0,0.0,9631.0,49085.0
50.0,28.0,0.0,0.0,0.0,22.0,0.0,0.0,3633455.0,1209885.0,0.0,0.0,9548.0,48989.0
47.059,33.333,0.980,0.0,0.0,18.627,0.0,0.0,3643682.0,1292152.0,0.0,0.0,9678.0,49336.0
48.0,33.0,0.0,0.0,0.0,19.0,0.0,0.0,3691063.0,1433861.0,0.0,0.0,9690.0,49716.0
49.495,33.333,0.0,0.0,0.0,17.172,0.0,0.0,3703456.0,1115068.0,0.0,0.0,9820.0,49895.0
46.0,31.0,0.0,0.0,0.0,23.0,0.0,16384.0,3686785.0,1421569.0,0.0,0.0,9824.0,49610.0
54.0,28.0,0.0,0.0,0.0,18.0,0.0,0.0,3706061.0,1162039.0,0.0,0.0,9803.0,49874.0
50.0,30.0,0.0,0.0,0.0,20.0,0.0,0.0,3671587.0,1209497.0,0.0,0.0,9689.0,50947.0
49.0,34.0,0.0,0.0,0.0,17.0,0.0,0.0,3733477.0,1271177.0,0.0,0.0,9841.0,51528.0
54.0,27.0,0.0,0.0,0.0,19.0,0.0,0.0,3694966.0,1246974.0,0.0,0.0,9818.0,50761.0
50.505,29.293,0.0,0.0,0.0,20.202,0.0,12288.0,3732915.0,1485419.0,0.0,0.0,9957.0,50218.0
48.0,32.0,0.0,0.0,0.0,20.0,0.0,0.0,3724117.0,1326919.0,0.0,0.0,9953.0,50060.0
50.495,27.723,0.990,0.0,0.0,20.792,0.0,0.0,3629375.0,1350327.0,0.0,0.0,9579.0,48939.0
52.0,32.0,0.0,0.0,0.0,16.0,0.0,0.0,3517003.0,1194362.0,0.0,0.0,9226.0,47357.0
50.0,34.0,0.0,0.0,0.0,16.0,0.0,0.0,3406070.0,1200423.0,0.0,0.0,8934.0,45999.0
52.0,30.0,1.0,0.0,0.0,17.0,0.0,12288.0,3522411.0,1048335.0,0.0,0.0,9319.0,47501.0
51.0,30.0,0.0,0.0,0.0,19.0,0.0,0.0,3436226.0,1262388.0,0.0,0.0,8956.0,46386.0
45.0,32.0,0.0,0.0,0.0,23.0,0.0,0.0,3471452.0,1209958.0,0.0,0.0,9139.0,46801.0
55.556,28.283,0.0,0.0,0.0,16.162,0.0,0.0,3420056.0,1272792.0,0.0,0.0,9053.0,46191.0
48.0,31.0,1.0,0.0,0.0,20.0,0.0,0.0,3282913.0,1057679.0,0.0,0.0,8536.0,44583.0
50.485,33.010,0.971,0.0,0.0,15.534,0.0,45056.0,3314635.0,1241645.0,0.0,0.0,8558.0,45043.0
52.0,27.0,0.0,0.0,0.0,21.0,0.0,0.0,3287933.0,1308935.0,0.0,0.0,8571.0,44496.0
50.505,32.323,0.0,0.0,0.0,17.172,0.0,0.0,3339040.0,998564.0,0.0,0.0,8748.0,45317.0
54.0,28.0,0.0,0.0,0.0,18.0,0.0,0.0,3374063.0,1340139.0,0.0,0.0,8754.0,45810.0
55.556,31.313,0.0,0.0,0.0,13.131,0.0,0.0,3354211.0,1025145.0,0.0,0.0,8779.0,45741.0
46.0,31.0,0.0,0.0,0.0,23.0,0.0,12288.0,3435276.0,1330644.0,0.0,0.0,8913.0,46385.0
46.0,37.0,0.0,0.0,0.0,17.0,0.0,0.0,3397061.0,1193705.0,0.0,0.0,8880.0,46165.0
48.515,29.703,0.990,0.0,0.0,20.792,0.0,0.0,3455014.0,1229944.0,0.0,0.0,9024.0,46851.0
58.0,25.0,0.0,0.0,0.0,17.0,0.0,0.0,3628136.0,1366750.0,0.0,0.0,9553.0,48884.0
52.0,29.0,0.0,0.0,0.0,19.0,0.0,0.0,3610423.0,1248471.0,0.0,0.0,9772.0,48520.0
50.0,31.0,0.0,0.0,0.0,19.0,0.0,12288.0,3831115.0,1301095.0,0.0,0.0,10209.0,51492.0
46.0,35.0,0.0,0.0,0.0,19.0,0.0,0.0,3775769.0,1358513.0,0.0,0.0,10002.0,50847.0
55.0,32.0,0.0,0.0,0.0,13.0,0.0,0.0,3622216.0,1177860.0,0.0,0.0,9488.0,49012.0
55.102,26.531,0.0,0.0,0.0,18.367,0.0,0.0,3875558.0,1489124.0,0.0,0.0,10232.0,51847.0
51.456,31.068,0.971,0.0,0.0,16.505,0.0,0.0,3556322.0,1168328.0,0.0,0.0,9367.0,47850.0
50.505,31.313,0.0,0.0,0.0,18.182,0.0,20480.0,3714592.0,1332746.0,0.0,0.0,9731.0,49930.0
46.465,35.354,0.0,0.0,0.0,18.182,0.0,0.0,3637289.0,1236041.0,0.0,0.0,9498.0,49116.0
48.0,32.0,0.0,0.0,0.0,20.0,0.0,0.0,3525674.0,1200296.0,0.0,0.0,9270.0,47676.0
48.485,34.343,0.0,0.0,0.0,17.172,0.0,0.0,3613906.0,1357140.0,0.0,0.0,9644.0,48664.0
45.545,30.693,0.0,0.0,0.0,23.762,0.0,0.0,3675526.0,1432556.0,0.0,0.0,9625.0,49239.0
46.939,32.653,0.0,0.0,0.0,20.408,0.0,28672.0,3567689.0,1100241.0,0.0,0.0,9442.0,48260.0
47.059,29.412,0.980,0.0,0.0,22.549,0.0,0.0,3630712.0,1377880.0,0.0,0.0,9590.0,48955.0
51.0,33.0,0.0,0.0,0.0,16.0,0.0,0.0,3639870.0,1279024.0,0.0,0.0,9590.0,49051.0
49.0,29.0,0.0,0.0,0.0,22.0,0.0,0.0,3699931.0,1240153.0,0.0,0.0,9830.0,49890.0
50.0,31.0,0.0,0.0,0.0,19.0,0.0,0.0,3625097.0,1413521.0,0.0,0.0,9598.0,48805.0
46.0,33.0,0.0,0.0,0.0,21.0,0.0,12288.0,3718759.0,1144953.0,0.0,0.0,9809.0,50012.0
50.0,31.0,0.0,0.0,0.0,19.0,0.0,0.0,3660596.0,1387024.0,0.0,0.0,9847.0,49143.0
48.485,30.303,0.0,0.0,0.0,21.212,0.0,0.0,3539704.0,1378580.0,0.0,0.0,9222.0,47762.0
51.485,31.683,0.0,0.0,0.0,16.832,0.0,0.0,3669530.0,1102148.0,0.0,0.0,9761.0,49403.0
46.535,35.644,0.990,0.0,0.0,16.832,0.0,0.0,3661174.0,1425168.0,0.0,0.0,9734.0,49222.0
50.0,32.653,1.020,0.0,0.0,16.327,0.0,28672.0,3609245.0,1238525.0,0.0,0.0,9664.0,48532.0
45.098,32.353,0.980,0.0,0.0,21.569,0.0,0.0,3656776.0,1258760.0,0.0,0.0,9712.0,49209.0
54.545,25.253,0.0,0.0,0.0,20.202,0.0,0.0,3620825.0,1413561.0,0.0,0.0,9594.0,48899.0
49.495,31.313,0.0,0.0,0.0,19.192,0.0,0.0,3646807.0,1084697.0,0.0,0.0,9531.0,49163.0
46.535,32.673,0.0,0.0,0.0,20.792,0.0,0.0,3545813.0,1394747.0,0.0,0.0,9335.0,47871.0
48.485,31.313,0.0,0.0,0.0,20.202,0.0,20480.0,3540308.0,1303726.0,0.0,0.0,9342.0,47940.0
48.0,27.0,0.0,0.0,0.0,25.0,0.0,0.0,3496331.0,1126347.0,0.0,0.0,9282.0,47175.0
48.0,40.0,1.0,0.0,0.0,11.0,0.0,0.0,3562351.0,1396099.0,0.0,0.0,9451.0,48203.0
49.020,33.333,0.0,0.0,0.0,17.647,0.0,0.0,3603308.0,1072716.0,0.0,0.0,9656.0,48647.0
48.485,35.354,0.0,0.0,0.0,16.162,0.0,0.0,3583819.0,1402379.0,0.0,0.0,9435.0,48224.0
49.0,33.0,0.0,0.0,0.0,18.0,0.0,24576.0,3600290.0,1159912.0,0.0,0.0,9619.0,48549.0
54.0,34.0,0.0,0.0,0.0,12.0,0.0,0.0,3617179.0,1324045.0,0.0,0.0,9664.0,48829.0
47.525,37.624,0.990,0.0,0.0,13.861,0.0,0.0,3454976.0,1364094.0,0.0,0.0,9308.0,46533.0
50.0,31.0,0.0,0.0,0.0,19.0,0.0,0.0,3556813.0,1057853.0,0.0,0.0,9351.0,48047.0
56.0,29.0,0.0,0.0,0.0,15.0,0.0,0.0,3543365.0,1389485.0,0.0,0.0,9487.0,47696.0
32.0,17.0,39.0,0.0,0.0,12.0,0.0,12288.0,2102668.0,843826.0,0.0,0.0,5496.0,28648.0
0.0,0.0,100.0,0.0,0.0,0.0,0.0,0.0,2624.0,120954.0,0.0,0.0,74.0,71.0
0.0,0.0,100.0,0.0,0.0,0.0,0.0,0.0,502.0,47524.0,0.0,0.0,43.0,68.0
0.0,0.0,100.0,0.0,0.0,0.0,0.0,0.0,2150.0,151902.0,0.0,0.0,63.0,68.0
0.0,0.0,100.0,0.0,0.0,0.0,0.0,0.0,344.0,528.0,0.0,0.0,39.0,66.0
0.0,0.0,100.0,0.0,0.0,0.0,0.0,32768.0,142.0,474.0,0.0,0.0,45.0,84.0
0.0,0.0,100.0,0.0,0.0,0.0,0.0,0.0,60.0,136.0,0.0,0.0,36.0,68.0
0.0,0.0,100.0,0.0,0.0,0.0,0.0,0.0,60.0,420.0,0.0,0.0,33.0,64.0
0.0,0.0,100.0,0.0,0.0,0.0,0.0,0.0,60.0,420.0,0.0,0.0,32.0,63.0
0.0,0.0,100.0,0.0,0.0,0.0,0.0,0.0,60.0,420.0,0.0,0.0,32.0,65.0
0.0,0.990,99.010,0.0,0.0,0.0,0.0,12288.0,142.0,758.0,0.0,0.0,56.0,111.0
