"Dstat 0.7.2 CSV output"
"Author:","Dag Wieers <dag@wieers.com>",,,,"URL:","http://dag.wieers.com/home-made/dstat/"
"Host:","Servidor",,,,"User:","root"
"Cmdline:","dstat -c --output dstat1.txt",,,,"Date:","14 May 2018 16:12:12 UTC"

"total cpu usage",,,,,
"usr","sys","idl","wai","hiq","siq"
3.394,2.058,93.786,0.083,0.0,0.678
0.0,0.0,100.0,0.0,0.0,0.0
0.0,0.0,100.0,0.0,0.0,0.0
35.533,3.046,59.898,0.0,0.0,1.523
76.923,10.256,10.256,0.0,0.0,2.564
71.574,9.645,14.213,0.0,0.0,4.569
53.0,11.0,32.0,0.0,0.0,4.0
43.077,8.718,44.103,0.0,0.0,4.103
41.206,11.558,42.211,0.0,0.0,5.025
38.071,9.137,47.208,0.0,0.0,5.584
27.411,11.675,55.330,0.0,0.0,5.584
50.980,9.804,33.333,0.0,0.0,5.882
62.626,10.101,19.192,0.0,0.0,8.081
53.125,10.938,30.729,0.0,0.0,5.208
45.226,11.558,39.196,0.0,0.0,4.020
30.570,10.881,54.922,0.0,0.0,3.627
53.807,9.645,32.487,0.0,0.0,4.061
53.202,13.793,27.094,0.0,0.0,5.911
48.990,10.606,34.343,0.0,0.0,6.061
32.338,13.433,48.756,0.0,0.0,5.473
24.870,11.917,56.995,0.0,0.0,6.218
23.958,12.500,60.417,0.0,0.0,3.125
22.772,12.871,57.921,0.0,0.0,6.436
15.686,12.255,66.667,0.0,0.0,5.392
16.0,8.500,70.500,0.0,0.0,5.0
14.070,10.553,69.347,0.0,0.0,6.030
14.0,12.0,69.0,0.0,0.0,5.0
3.030,3.030,92.424,0.0,0.0,1.515
12.563,7.035,75.879,0.0,0.0,4.523
15.816,11.735,68.367,0.0,0.0,4.082
17.112,8.556,72.193,0.0,0.0,2.139
16.842,11.579,68.947,0.0,0.0,2.632
18.0,12.500,66.0,0.0,0.0,3.500
14.428,14.925,63.184,0.0,0.0,7.463
16.327,11.224,66.837,0.0,0.0,5.612
17.0,12.0,65.0,0.0,0.0,6.0
16.230,10.471,67.539,0.0,0.0,5.759
16.495,10.825,67.526,0.0,0.0,5.155
14.894,10.106,69.681,0.0,0.0,5.319
17.413,14.925,64.179,0.0,0.0,3.483
15.152,13.636,65.657,0.0,0.0,5.556
17.157,14.216,63.235,0.0,0.0,5.392
15.897,11.795,67.179,0.0,0.0,5.128
17.617,10.363,66.839,0.0,0.0,5.181
19.171,13.472,64.249,0.0,0.0,3.109
7.179,5.641,87.179,0.0,0.0,0.0
18.947,10.0,70.0,0.0,0.0,1.053
9.231,7.179,80.513,0.0,0.0,3.077
11.856,8.247,77.835,0.0,0.0,2.062
4.545,2.525,91.919,0.0,0.0,1.010
0.0,0.0,100.0,0.0,0.0,0.0
9.694,8.163,78.571,0.0,0.0,3.571
10.769,8.718,80.0,0.0,0.0,0.513
13.661,11.475,73.224,0.0,0.0,1.639
12.887,10.309,71.134,0.0,0.0,5.670
14.508,7.254,74.093,0.0,0.0,4.145
16.580,12.435,66.839,0.0,0.0,4.145
17.500,12.0,65.500,0.0,0.0,5.0
16.500,12.0,64.0,0.0,0.0,7.500
4.040,1.515,91.414,0.0,0.0,3.030
8.081,4.545,84.848,0.0,0.0,2.525
11.168,4.569,81.218,0.0,0.0,3.046
10.152,8.629,77.157,0.0,0.0,4.061
13.131,9.091,73.737,0.0,0.0,4.040
14.213,14.213,67.005,0.0,0.0,4.569
8.867,5.911,82.266,0.0,0.0,2.956
16.500,13.0,67.500,0.0,0.0,3.0
0.503,0.0,99.497,0.0,0.0,0.0
0.0,0.0,100.0,0.0,0.0,0.0
8.122,6.091,85.787,0.0,0.0,0.0
8.955,7.960,80.597,0.0,0.0,2.488
0.0,0.0,100.0,0.0,0.0,0.0
8.629,8.122,81.218,0.0,0.0,2.030
8.040,2.513,87.940,0.0,0.0,1.508
0.0,0.0,100.0,0.0,0.0,0.0
7.107,4.061,86.802,0.0,0.0,2.030
10.101,4.545,80.303,0.0,0.0,5.051
0.0,0.0,100.0,0.0,0.0,0.0
10.891,7.921,76.238,0.0,0.0,4.950
5.528,5.025,87.940,0.0,0.0,1.508
14.428,11.443,70.149,0.0,0.0,3.980
2.551,1.531,95.408,0.0,0.0,0.510
9.091,7.576,80.808,0.0,0.0,2.525
7.035,5.528,84.422,0.0,0.0,3.015
4.545,2.020,92.424,0.0,0.0,1.010
14.070,10.050,71.859,0.0,0.0,4.020
0.0,0.0,99.502,0.498,0.0,0.0
7.179,5.128,85.641,0.0,0.0,2.051
7.853,3.141,86.911,0.0,0.0,2.094
0.0,0.0,100.0,0.0,0.0,0.0
0.0,0.0,100.0,0.0,0.0,0.0
11.881,12.871,70.792,0.0,0.0,4.455
17.098,11.399,67.876,0.0,0.0,3.627
2.513,1.508,95.477,0.0,0.0,0.503
9.500,6.500,81.0,0.0,0.0,3.0
8.629,4.061,85.279,0.0,0.0,2.030
1.005,2.010,95.477,0.0,0.0,1.508
18.462,12.308,65.641,0.0,0.0,3.590
15.979,14.433,67.526,0.0,0.0,2.062
17.098,12.953,67.358,0.0,0.0,2.591
17.112,10.160,69.519,0.0,0.0,3.209
16.500,13.0,64.500,0.0,0.0,6.0
11.340,9.794,74.742,0.0,0.0,4.124
0.0,0.0,100.0,0.0,0.0,0.0
11.220,7.805,74.146,0.0,0.0,6.829
4.545,2.020,89.899,0.0,0.0,3.535
0.0,0.0,100.0,0.0,0.0,0.0
14.428,11.443,66.667,0.0,0.0,7.463
3.941,1.970,93.103,0.0,0.0,0.985
12.755,8.163,73.469,0.0,0.0,5.612
13.684,12.632,67.895,0.0,0.0,5.789
15.263,13.684,68.421,0.0,0.0,2.632
6.091,4.061,89.340,0.0,0.0,0.508
14.737,12.632,72.105,0.0,0.0,0.526
0.0,0.0,100.0,0.0,0.0,0.0
10.417,8.333,80.729,0.0,0.0,0.521
3.046,3.046,93.909,0.0,0.0,0.0
0.498,0.0,99.502,0.0,0.0,0.0
0.0,0.0,100.0,0.0,0.0,0.0
1.508,1.005,97.487,0.0,0.0,0.0
14.516,9.677,73.656,0.0,0.0,2.151
0.0,0.498,99.502,0.0,0.0,0.0
0.0,0.0,100.0,0.0,0.0,0.0
0.0,0.0,100.0,0.0,0.0,0.0
4.145,3.109,92.228,0.0,0.0,0.518
9.043,6.915,84.043,0.0,0.0,0.0
0.0,0.0,100.0,0.0,0.0,0.0
0.0,0.0,100.0,0.0,0.0,0.0
7.071,8.586,80.303,0.0,0.0,4.040
9.278,9.278,78.351,0.0,0.0,3.093
11.616,10.606,73.737,0.0,0.0,4.040
12.563,11.055,71.357,0.0,0.0,5.025
12.621,12.136,67.476,0.0,0.0,7.767
17.188,10.938,67.188,0.0,0.0,4.688
10.660,6.091,80.203,0.0,0.0,3.046
6.667,4.615,86.154,0.0,0.0,2.564
0.0,0.0,100.0,0.0,0.0,0.0
0.0,0.0,100.0,0.0,0.0,0.0
0.0,0.0,100.0,0.0,0.0,0.0
14.573,13.568,66.332,0.0,0.0,5.528
4.040,1.515,93.939,0.0,0.0,0.505
11.518,6.806,81.152,0.0,0.0,0.524
11.892,7.027,80.541,0.0,0.0,0.541
2.525,2.020,94.949,0.0,0.0,0.505
0.0,0.0,100.0,0.0,0.0,0.0
0.498,0.0,99.502,0.0,0.0,0.0
0.0,0.0,100.0,0.0,0.0,0.0
0.0,0.0,100.0,0.0,0.0,0.0
2.525,1.515,95.960,0.0,0.0,0.0
15.104,9.896,75.0,0.0,0.0,0.0
0.498,0.0,99.502,0.0,0.0,0.0
0.0,0.0,100.0,0.0,0.0,0.0
0.0,0.0,100.0,0.0,0.0,0.0
12.887,7.732,78.866,0.0,0.0,0.515
6.599,2.030,89.848,0.0,0.0,1.523
0.0,0.0,100.0,0.0,0.0,0.0
9.326,6.736,82.902,0.0,0.0,1.036
8.673,5.612,85.714,0.0,0.0,0.0
0.0,0.0,100.0,0.0,0.0,0.0
11.224,12.245,75.510,0.0,0.0,1.020
4.124,2.577,93.299,0.0,0.0,0.0
4.040,3.030,91.919,0.0,0.0,1.010
11.340,9.794,77.835,0.0,0.0,1.031
13.198,9.645,75.127,0.0,0.0,2.030
10.050,9.548,78.392,0.0,0.0,2.010
14.359,9.231,72.821,0.0,0.0,3.590
14.706,10.784,68.627,0.0,0.0,5.882
0.0,0.0,100.0,0.0,0.0,0.0
0.0,0.0,100.0,0.0,0.0,0.0
11.675,4.061,82.741,0.0,0.0,1.523
10.294,9.804,75.0,0.0,0.0,4.902
0.0,0.0,100.0,0.0,0.0,0.0
0.0,0.0,100.0,0.0,0.0,0.0
0.0,0.0,100.0,0.0,0.0,0.0
1.500,1.500,96.500,0.0,0.0,0.500
17.0,10.500,67.500,0.0,0.0,5.0
4.082,4.082,87.755,0.0,0.0,4.082
16.0,14.500,65.500,0.0,0.0,4.0
12.935,7.463,76.119,0.0,0.0,3.483
10.714,8.163,78.061,0.0,0.0,3.061
5.612,2.551,90.306,0.0,0.0,1.531
0.0,0.0,99.502,0.498,0.0,0.0
0.0,0.0,100.0,0.0,0.0,0.0
6.091,4.569,88.325,0.0,0.0,1.015
11.282,7.179,76.923,0.0,0.0,4.615
10.582,7.937,77.249,0.0,0.0,4.233
0.0,0.0,100.0,0.0,0.0,0.0
5.025,2.513,90.955,0.0,0.0,1.508
8.290,7.772,80.829,0.0,0.0,3.109
0.0,0.0,100.0,0.0,0.0,0.0
0.0,0.0,100.0,0.0,0.0,0.0
2.041,2.041,94.898,0.0,0.0,1.020
8.586,6.061,82.323,0.0,0.0,3.030
6.091,5.584,85.279,0.0,0.0,3.046
15.026,11.399,68.912,0.0,0.0,4.663
15.228,13.198,67.005,0.0,0.0,4.569
15.026,11.399,68.394,0.0,0.0,5.181
9.137,7.614,79.695,0.0,0.0,3.553
2.010,2.010,95.980,0.0,0.0,0.0
10.825,8.763,76.289,0.0,0.0,4.124
1.980,0.495,97.525,0.0,0.0,0.0
14.0,13.500,68.0,0.0,0.0,4.500
0.500,0.0,99.500,0.0,0.0,0.0
15.385,11.282,68.205,0.0,0.0,5.128
0.0,0.0,100.0,0.0,0.0,0.0
11.823,9.360,71.921,0.0,0.0,6.897
2.525,1.515,95.455,0.0,0.0,0.505
0.0,0.0,100.0,0.0,0.0,0.0
0.0,0.0,100.0,0.0,0.0,0.0
0.0,1.0,99.0,0.0,0.0,0.0
16.327,10.204,68.367,0.0,0.0,5.102
0.498,0.0,99.502,0.0,0.0,0.0
14.428,8.458,71.642,0.0,0.0,5.473
12.935,8.458,76.119,0.0,0.0,2.488
7.107,4.569,85.787,0.0,0.0,2.538
0.0,0.0,100.0,0.0,0.0,0.0
13.706,12.690,69.543,0.0,0.0,4.061
0.0,0.503,99.497,0.0,0.0,0.0
7.921,7.426,82.178,0.0,0.0,2.475
6.154,6.154,85.128,0.0,0.0,2.564
0.0,0.0,100.0,0.0,0.0,0.0
13.198,13.706,70.051,0.0,0.0,3.046
1.0,0.500,98.500,0.0,0.0,0.0
0.0,0.0,100.0,0.0,0.0,0.0
0.0,0.0,100.0,0.0,0.0,0.0
0.0,0.0,100.0,0.0,0.0,0.0
0.0,0.0,100.0,0.0,0.0,0.0
0.0,0.0,100.0,0.0,0.0,0.0
0.0,0.0,100.0,0.0,0.0,0.0
0.0,0.0,100.0,0.0,0.0,0.0
0.0,0.0,100.0,0.0,0.0,0.0
0.0,0.498,99.502,0.0,0.0,0.0
10.256,8.718,76.923,0.0,0.0,4.103
15.578,14.070,65.829,0.0,0.0,4.523
7.692,3.077,88.205,0.0,0.0,1.026
0.0,0.0,100.0,0.0,0.0,0.0
1.990,2.488,94.527,0.0,0.0,0.995
14.141,7.576,72.727,0.0,0.0,5.556
0.0,0.0,100.0,0.0,0.0,0.0
0.0,0.0,100.0,0.0,0.0,0.0
0.0,0.0,100.0,0.0,0.0,0.0
0.0,0.0,100.0,0.0,0.0,0.0
14.508,12.953,70.984,0.0,0.0,1.554
0.508,0.508,98.985,0.0,0.0,0.0
7.143,6.122,85.714,0.0,0.0,1.020
15.183,12.565,71.204,0.0,0.0,1.047
8.629,6.599,84.264,0.0,0.0,0.508
0.498,0.0,99.502,0.0,0.0,0.0
0.0,0.0,100.0,0.0,0.0,0.0
9.596,9.091,79.293,0.0,0.0,2.020
4.061,2.538,93.401,0.0,0.0,0.0
0.0,0.0,100.0,0.0,0.0,0.0
3.553,2.030,94.416,0.0,0.0,0.0
9.845,9.326,77.202,0.0,0.0,3.627
0.0,0.0,100.0,0.0,0.0,0.0
0.0,0.0,100.0,0.0,0.0,0.0
0.498,0.0,99.502,0.0,0.0,0.0
0.0,0.0,100.0,0.0,0.0,0.0
0.0,0.0,100.0,0.0,0.0,0.0
0.0,0.0,100.0,0.0,0.0,0.0
3.608,3.093,92.784,0.0,0.0,0.515
13.265,15.306,66.327,0.0,0.0,5.102
14.815,10.053,69.312,0.0,0.0,5.820
9.326,8.290,78.238,0.0,0.0,4.145
0.0,0.0,100.0,0.0,0.0,0.0
0.0,0.0,100.0,0.0,0.0,0.0
0.0,0.0,100.0,0.0,0.0,0.0
1.500,1.0,97.0,0.0,0.0,0.500
12.821,9.744,72.821,0.0,0.0,4.615
0.0,0.0,100.0,0.0,0.0,0.0
0.0,0.0,100.0,0.0,0.0,0.0
9.453,7.960,79.602,0.0,0.0,2.985
5.446,3.960,87.624,0.0,0.0,2.970
0.0,0.0,100.0,0.0,0.0,0.0
10.309,6.186,79.897,0.0,0.0,3.608
4.523,3.015,90.452,0.0,0.0,2.010
13.198,9.137,72.081,0.0,0.0,5.584
3.500,2.500,92.500,0.0,0.0,1.500
15.152,11.111,69.697,0.0,0.0,4.040
1.508,1.508,96.985,0.0,0.0,0.0
13.568,12.563,68.342,0.0,0.0,5.528
10.050,4.523,82.412,0.0,0.0,3.015
16.080,12.060,67.337,0.0,0.0,4.523
17.085,11.055,65.327,0.0,0.0,6.533
6.599,4.061,87.817,0.0,0.0,1.523
0.0,0.498,99.502,0.0,0.0,0.0
0.0,0.0,100.0,0.0,0.0,0.0
5.500,6.0,87.0,0.0,0.0,1.500
9.744,5.641,79.487,0.0,0.0,5.128
0.505,1.010,97.980,0.0,0.0,0.505
15.578,12.060,65.829,0.0,0.0,6.533
2.525,3.030,94.444,0.0,0.0,0.0
14.595,10.811,72.432,0.0,0.0,2.162
15.464,13.402,69.072,0.0,0.0,2.062
17.010,9.278,69.588,0.0,0.0,4.124
14.660,11.518,71.204,0.0,0.0,2.618
0.995,0.0,98.507,0.0,0.0,0.498
0.500,0.500,99.0,0.0,0.0,0.0
18.229,7.292,72.396,0.0,0.0,2.083
13.158,8.947,74.211,0.0,0.0,3.684
17.0,11.0,66.0,0.0,0.0,6.0
14.211,10.526,69.474,0.0,0.0,5.789
14.359,11.282,68.205,0.0,0.0,6.154
0.0,0.500,99.500,0.0,0.0,0.0
11.917,9.326,72.021,0.0,0.0,6.736
17.436,10.769,67.179,0.0,0.0,4.615
10.714,9.184,76.531,0.0,0.0,3.571
15.897,11.795,66.667,0.0,0.0,5.641
5.970,4.478,87.562,0.0,0.0,1.990
12.500,9.0,73.500,0.0,0.0,5.0
3.518,2.513,92.462,0.0,0.0,1.508
2.551,3.571,92.347,0.0,0.0,1.531
10.606,8.586,75.758,0.0,0.0,5.051
9.744,6.667,80.0,0.0,0.0,3.590
6.154,2.564,89.231,0.0,0.0,2.051
0.498,0.0,99.502,0.0,0.0,0.0
0.0,0.0,100.0,0.0,0.0,0.0
0.0,0.0,100.0,0.0,0.0,0.0
0.0,0.0,100.0,0.0,0.0,0.0
12.060,8.040,75.879,0.0,0.0,4.020
3.518,3.015,92.462,0.0,0.0,1.005
5.670,3.608,89.691,0.0,0.0,1.031
13.065,8.040,77.387,0.0,0.0,1.508
0.0,0.0,100.0,0.0,0.0,0.0
0.0,0.0,100.0,0.0,0.0,0.0
0.0,0.0,100.0,0.0,0.0,0.0
0.0,0.0,100.0,0.0,0.0,0.0
0.0,0.0,100.0,0.0,0.0,0.0
0.0,0.503,99.497,0.0,0.0,0.0
8.247,9.278,81.443,0.0,0.0,1.031
6.030,3.518,90.452,0.0,0.0,0.0
0.0,0.0,100.0,0.0,0.0,0.0
12.887,10.825,74.742,0.0,0.0,1.546
1.508,1.508,96.482,0.0,0.0,0.503
5.025,3.015,89.950,0.0,0.0,2.010
9.0,8.500,77.500,0.0,0.0,5.0
8.122,7.107,81.218,0.0,0.0,3.553
10.714,8.163,74.490,0.510,0.0,6.122
16.915,11.443,66.169,0.0,0.0,5.473
8.205,6.667,82.564,0.0,0.0,2.564
12.0,8.500,75.0,0.0,0.0,4.500
18.049,12.683,63.902,0.0,0.0,5.366
17.436,10.256,68.205,0.0,0.0,4.103
17.010,9.794,68.041,0.0,0.0,5.155
15.385,12.308,67.692,0.0,0.0,4.615
14.872,13.333,67.692,0.0,0.0,4.103
13.613,12.042,69.110,0.0,0.0,5.236
5.500,4.0,89.0,0.0,0.0,1.500
19.500,9.0,68.500,0.0,0.0,3.0
6.030,4.020,87.437,0.0,0.0,2.513
11.735,8.163,75.510,0.0,0.0,4.592
0.0,0.0,100.0,0.0,0.0,0.0
0.0,0.0,100.0,0.0,0.0,0.0
15.897,12.308,67.179,0.0,0.0,4.615
16.327,11.735,66.837,0.0,0.0,5.102
2.488,1.493,95.522,0.0,0.0,0.498
0.0,0.0,100.0,0.0,0.0,0.0
0.0,0.0,100.0,0.0,0.0,0.0
0.0,0.0,100.0,0.0,0.0,0.0
0.503,0.503,98.995,0.0,0.0,0.0
16.751,10.660,69.036,0.0,0.0,3.553
0.0,0.0,100.0,0.0,0.0,0.0
6.599,6.599,82.741,0.0,0.0,4.061
7.500,5.500,84.0,0.0,0.0,3.0
0.0,0.0,100.0,0.0,0.0,0.0
0.0,0.0,100.0,0.0,0.0,0.0
9.406,7.921,79.703,0.0,0.0,2.970
15.183,9.948,68.586,0.0,0.0,6.283
5.500,4.500,87.500,0.0,0.0,2.500
0.495,0.990,98.515,0.0,0.0,0.0
0.0,0.0,100.0,0.0,0.0,0.0
12.935,12.438,70.149,0.0,0.0,4.478
3.483,2.985,92.040,0.0,0.0,1.493
11.055,8.543,74.874,0.0,0.0,5.528
0.0,0.0,100.0,0.0,0.0,0.0
11.795,12.821,72.308,0.0,0.0,3.077
15.897,12.821,67.179,0.0,0.0,4.103
0.503,0.503,98.995,0.0,0.0,0.0
6.030,3.518,88.945,0.0,0.0,1.508
11.675,8.122,77.157,0.0,0.0,3.046
0.0,0.0,100.0,0.0,0.0,0.0
0.0,0.0,100.0,0.0,0.0,0.0
0.498,0.0,99.502,0.0,0.0,0.0
0.0,0.0,100.0,0.0,0.0,0.0
0.0,0.0,100.0,0.0,0.0,0.0
0.0,0.0,100.0,0.0,0.0,0.0
10.881,7.772,77.202,0.0,0.0,4.145
0.0,0.498,99.502,0.0,0.0,0.0
0.0,0.0,100.0,0.0,0.0,0.0
0.0,0.0,100.0,0.0,0.0,0.0
7.692,6.154,82.051,0.0,0.0,4.103
3.030,1.515,93.939,0.0,0.0,1.515
0.0,0.0,100.0,0.0,0.0,0.0
7.882,5.419,83.251,0.0,0.0,3.448
8.586,5.051,83.838,0.0,0.0,2.525
2.0,2.500,94.500,0.0,0.0,1.0
13.861,10.891,71.287,0.0,0.0,3.960
14.500,14.0,67.500,0.0,0.0,4.0
0.0,0.0,100.0,0.0,0.0,0.0
2.538,1.523,94.924,0.0,0.0,1.015
9.794,4.639,80.412,0.0,0.0,5.155
9.137,8.122,79.188,0.0,0.0,3.553
1.508,2.010,95.477,0.0,0.0,1.005
4.478,3.980,89.055,0.0,0.0,2.488
8.543,5.025,82.915,0.0,0.0,3.518
0.0,0.0,100.0,0.0,0.0,0.0
0.0,0.0,100.0,0.0,0.0,0.0
14.070,7.035,74.874,0.0,0.0,4.020
0.500,0.500,99.0,0.0,0.0,0.0
0.500,0.500,99.0,0.0,0.0,0.0
16.162,10.606,66.667,0.0,0.0,6.566
11.111,8.995,74.603,0.0,0.0,5.291
16.580,10.363,66.839,0.0,0.0,6.218
16.749,13.300,64.039,0.0,0.0,5.911
14.872,12.308,67.692,0.0,0.0,5.128
17.085,11.055,66.332,0.0,0.0,5.528
6.061,4.040,87.879,0.0,0.0,2.020
11.111,11.616,73.737,0.0,0.0,3.535
0.0,0.0,100.0,0.0,0.0,0.0
16.327,10.714,67.857,0.0,0.0,5.102
0.0,0.503,99.497,0.0,0.0,0.0
4.040,3.030,91.919,0.0,0.0,1.010
9.744,9.744,76.410,0.0,0.0,4.103
4.040,3.535,91.414,0.0,0.0,1.010
12.060,8.040,75.879,0.0,0.0,4.020
0.0,0.0,100.0,0.0,0.0,0.0
0.0,0.0,100.0,0.0,0.0,0.0
0.0,0.0,100.0,0.0,0.0,0.0
0.0,0.0,100.0,0.0,0.0,0.0
3.553,3.046,92.386,0.0,0.0,1.015
18.0,11.500,64.500,0.0,0.0,6.0
9.744,8.718,78.974,0.0,0.0,2.564
0.500,0.0,99.500,0.0,0.0,0.0
0.0,0.0,100.0,0.0,0.0,0.0
0.0,0.498,99.502,0.0,0.0,0.0
9.524,7.937,77.778,0.0,0.0,4.762
16.080,11.558,65.327,0.0,0.0,7.035
14.660,11.518,69.110,0.524,0.0,4.188
9.950,8.458,77.612,0.0,0.0,3.980
7.107,7.107,83.756,0.0,0.0,2.030
0.0,0.0,100.0,0.0,0.0,0.0
0.0,0.0,100.0,0.0,0.0,0.0
16.244,10.660,67.513,0.0,0.0,5.584
3.046,2.538,93.401,0.0,0.0,1.015
10.825,9.794,73.711,0.0,0.0,5.670
4.500,4.500,89.0,0.0,0.0,2.0
9.184,6.633,80.102,0.0,0.0,4.082
7.463,4.975,84.577,0.0,0.0,2.985
9.184,6.122,82.653,0.0,0.0,2.041
4.523,4.523,89.447,0.0,0.0,1.508
12.935,5.473,77.612,0.0,0.0,3.980
14.286,13.265,69.388,0.0,0.0,3.061
11.0,5.0,79.0,0.0,0.0,5.0
9.231,6.154,80.513,0.0,0.0,4.103
7.107,4.061,85.279,0.0,0.0,3.553
11.616,7.576,74.747,0.0,0.0,6.061
14.141,12.626,69.192,0.0,0.0,4.040
12.500,8.0,74.500,0.0,0.0,5.0
10.660,6.599,78.173,0.0,0.0,4.569
0.503,1.005,96.985,0.0,0.0,1.508
14.0,9.500,72.500,0.0,0.0,4.0
2.538,1.523,94.924,0.0,0.0,1.015
13.065,10.553,69.849,0.0,0.0,6.533
16.410,11.795,66.154,0.0,0.0,5.641
12.500,10.500,72.0,0.0,0.0,5.0
11.340,8.247,76.289,0.0,0.0,4.124
16.146,11.458,67.708,0.0,0.0,4.688
13.706,13.706,68.020,0.0,0.0,4.569
2.525,2.020,94.949,0.0,0.0,0.505
10.714,8.163,77.551,0.0,0.0,3.571
16.751,11.675,64.975,0.0,0.0,6.599
10.825,7.216,79.381,0.0,0.0,2.577
0.0,0.0,100.0,0.0,0.0,0.0
12.245,11.224,70.918,0.0,0.0,5.612
17.327,15.347,62.376,0.0,0.0,4.950
18.367,12.755,64.286,0.0,0.0,4.592
15.026,13.472,66.321,0.0,0.0,5.181
15.897,12.308,66.667,0.0,0.0,5.128
8.543,6.533,82.915,0.0,0.0,2.010
10.769,11.282,73.846,0.0,0.0,4.103
17.347,10.204,66.837,0.0,0.0,5.612
3.553,1.523,94.416,0.0,0.0,0.508
0.0,0.0,100.0,0.0,0.0,0.0
0.0,0.0,100.0,0.0,0.0,0.0
0.0,0.0,100.0,0.0,0.0,0.0
0.0,0.0,100.0,0.0,0.0,0.0
5.556,5.556,86.869,0.0,0.0,2.020
10.050,6.030,80.402,0.0,0.0,3.518
15.625,12.500,68.229,0.0,0.0,3.646
2.513,4.523,91.457,0.0,0.0,1.508
10.945,8.955,76.119,0.0,0.0,3.980
7.882,5.419,82.759,0.0,0.0,3.941
5.0,5.500,88.0,0.0,0.0,1.500
13.930,7.463,74.129,0.0,0.0,4.478
7.143,2.551,88.265,0.0,0.0,2.041
7.071,6.566,83.838,0.0,0.0,2.525
0.0,0.0,100.0,0.0,0.0,0.0
7.960,7.463,80.597,0.0,0.0,3.980
15.0,8.500,71.0,0.0,0.0,5.500
16.754,10.471,67.016,0.0,0.0,5.759
16.327,9.694,66.837,0.0,0.0,7.143
7.426,6.436,84.158,0.0,0.0,1.980
16.837,8.673,69.898,0.0,0.0,4.592
2.500,2.0,94.0,0.0,0.0,1.500
13.065,7.538,72.864,0.0,0.0,6.533
0.0,0.500,99.500,0.0,0.0,0.0
0.0,0.0,100.0,0.0,0.0,0.0
0.0,0.0,100.0,0.0,0.0,0.0
9.645,5.584,80.711,0.0,0.0,4.061
3.030,1.010,94.444,0.0,0.0,1.515
10.471,7.853,77.487,0.0,0.0,4.188
7.179,3.077,85.641,0.0,0.0,4.103
17.0,7.500,72.0,0.0,0.0,3.500
4.0,4.500,88.0,0.0,0.0,3.500
14.433,11.340,71.134,0.0,0.0,3.093
18.462,10.256,67.179,0.0,0.0,4.103
19.500,11.0,65.500,0.0,0.0,4.0
3.500,2.0,93.500,0.0,0.0,1.0
12.121,7.576,75.253,0.0,0.0,5.051
0.0,0.0,100.0,0.0,0.0,0.0
0.0,0.0,100.0,0.0,0.0,0.0
13.568,8.040,71.357,0.0,0.0,7.035
14.925,7.463,73.134,0.0,0.0,4.478
7.107,5.584,84.772,0.0,0.0,2.538
5.911,3.448,87.685,0.0,0.0,2.956
12.0,9.0,75.0,0.0,0.0,4.0
3.483,0.995,94.527,0.0,0.0,0.995
17.085,9.045,67.337,0.0,0.0,6.533
15.707,7.853,71.728,0.0,0.0,4.712
14.070,11.558,70.352,0.0,0.0,4.020
12.621,9.709,73.301,0.0,0.0,4.369
0.0,0.0,99.495,0.0,0.0,0.505
16.580,10.881,66.839,0.0,0.0,5.699
11.443,9.950,76.617,0.0,0.0,1.990
3.571,3.571,89.796,0.0,0.0,3.061
9.091,8.081,78.283,0.0,0.0,4.545
4.040,3.030,90.909,0.0,0.0,2.020
7.0,5.0,86.0,0.0,0.0,2.0
8.374,6.404,81.281,0.0,0.0,3.941
13.265,8.163,71.429,0.0,0.0,7.143
0.505,0.505,97.980,0.0,0.0,1.010
1.980,0.990,96.040,0.0,0.0,0.990
15.152,11.111,70.707,0.0,0.0,3.030
0.0,0.0,100.0,0.0,0.0,0.0
7.882,6.897,82.759,0.0,0.0,2.463
9.045,4.020,83.920,0.0,0.0,3.015
1.005,1.005,97.990,0.0,0.0,0.0
15.152,10.606,70.707,0.0,0.0,3.535
2.020,2.020,94.949,0.0,0.0,1.010
13.333,12.308,70.769,0.0,0.0,3.590
0.0,0.0,100.0,0.0,0.0,0.0
0.0,0.0,100.0,0.0,0.0,0.0
0.498,0.0,99.502,0.0,0.0,0.0
7.538,6.533,84.422,0.0,0.0,1.508
16.580,12.953,66.839,0.0,0.0,3.627
10.769,10.256,75.385,0.0,0.0,3.590
12.245,6.122,77.551,0.0,0.0,4.082
14.762,10.0,71.905,0.0,0.0,3.333
15.122,10.244,71.220,0.0,0.0,3.415
14.508,13.472,66.321,0.0,0.0,5.699
13.846,8.205,72.821,0.0,0.0,5.128
8.586,5.556,81.818,0.0,0.0,4.040
3.061,3.571,91.837,0.0,0.0,1.531
10.101,7.576,78.283,0.0,0.0,4.040
0.503,0.0,99.497,0.0,0.0,0.0
17.073,10.732,68.293,0.0,0.0,3.902
2.030,0.508,96.447,0.0,0.0,1.015
12.308,12.821,70.256,0.0,0.0,4.615
12.255,7.843,75.980,0.0,0.0,3.922
11.224,7.653,77.041,0.0,0.0,4.082
4.0,2.0,93.0,0.0,0.0,1.0
7.143,3.571,84.694,0.0,0.0,4.592
8.081,5.556,82.828,0.505,0.0,3.030
10.256,8.718,77.949,0.0,0.0,3.077
6.533,4.523,86.935,0.0,0.0,2.010
9.901,8.416,77.723,0.0,0.0,3.960
9.645,5.584,80.711,0.0,0.0,4.061
0.0,0.0,100.0,0.0,0.0,0.0
0.0,0.0,100.0,0.0,0.0,0.0
9.596,7.576,78.283,0.0,0.0,4.545
15.657,9.596,69.192,0.0,0.0,5.556
1.500,1.500,96.500,0.0,0.0,0.500
0.0,0.0,100.0,0.0,0.0,0.0
12.755,8.163,75.0,0.0,0.0,4.082
14.634,9.756,70.244,0.0,0.0,5.366
10.363,8.808,77.202,0.0,0.0,3.627
3.030,2.020,94.444,0.0,0.0,0.505
9.137,7.107,80.203,0.0,0.0,3.553
12.690,8.629,73.604,0.0,0.0,5.076
0.0,0.0,100.0,0.0,0.0,0.0
9.548,9.045,76.884,0.0,0.0,4.523
4.0,2.500,91.0,0.0,0.0,2.500
0.0,0.0,100.0,0.0,0.0,0.0
4.545,3.030,91.414,0.0,0.0,1.010
13.500,8.500,74.0,0.0,0.0,4.0
6.566,6.061,86.364,0.0,0.0,1.010
13.265,13.776,66.837,0.0,0.0,6.122
17.910,12.438,64.677,0.0,0.0,4.975
16.062,11.399,67.876,0.0,0.0,4.663
10.945,7.463,79.104,0.0,0.0,2.488
9.500,10.0,78.0,0.0,0.0,2.500
10.945,6.965,79.602,0.0,0.0,2.488
10.660,10.660,74.619,0.0,0.0,4.061
0.0,0.0,100.0,0.0,0.0,0.0
8.500,8.0,79.0,0.0,0.0,4.500
3.483,1.990,92.040,0.0,0.0,2.488
1.0,0.500,98.500,0.0,0.0,0.0
12.755,14.286,65.816,0.0,0.0,7.143
14.872,11.795,67.692,0.0,0.0,5.641
0.0,0.0,100.0,0.0,0.0,0.0
0.0,0.0,100.0,0.0,0.0,0.0
0.0,0.0,100.0,0.0,0.0,0.0
0.498,0.0,99.502,0.0,0.0,0.0
2.551,1.020,94.898,0.0,0.0,1.531
19.271,9.896,67.188,0.0,0.0,3.646
14.062,12.500,68.229,0.0,0.0,5.208
15.385,11.795,67.692,0.0,0.0,5.128
11.616,7.071,78.788,0.0,0.0,2.525
13.990,11.399,70.466,0.0,0.0,4.145
0.990,0.990,98.020,0.0,0.0,0.0
13.198,10.660,70.051,0.0,0.0,6.091
5.128,3.590,89.231,0.0,0.0,2.051
16.495,13.402,66.495,0.0,0.0,3.608
11.940,6.965,77.114,0.0,0.0,3.980
0.0,0.0,100.0,0.0,0.0,0.0
0.0,0.0,100.0,0.0,0.0,0.0
1.515,0.505,97.475,0.0,0.0,0.505
14.0,10.0,69.500,0.0,0.0,6.500
8.673,5.102,84.184,0.0,0.0,2.041
17.766,9.645,67.513,0.0,0.0,5.076
16.751,12.690,65.990,0.0,0.0,4.569
5.612,5.612,84.694,0.0,0.0,4.082
16.667,9.091,70.707,0.0,0.0,3.535
0.500,0.500,98.500,0.0,0.0,0.500
9.0,7.500,82.0,0.0,0.0,1.500
10.204,9.694,76.020,0.0,0.0,4.082
8.629,11.168,76.142,0.0,0.0,4.061
5.076,4.061,89.340,0.0,0.0,1.523
10.050,5.025,81.407,0.0,0.0,3.518
15.657,7.576,74.242,0.0,0.0,2.525
0.505,0.0,98.990,0.0,0.0,0.505
0.0,0.498,99.502,0.0,0.0,0.0
0.0,0.0,100.0,0.0,0.0,0.0
0.0,0.0,100.0,0.0,0.0,0.0
0.0,0.0,100.0,0.0,0.0,0.0
12.060,7.538,77.387,0.0,0.0,3.015
16.162,13.131,66.667,0.0,0.0,4.040
4.478,1.990,92.040,0.0,0.0,1.493
13.776,9.184,73.980,0.0,0.0,3.061
5.941,2.970,89.604,0.0,0.0,1.485
0.0,0.0,100.0,0.0,0.0,0.0
0.0,0.0,100.0,0.0,0.0,0.0
13.918,12.371,69.588,0.0,0.0,4.124
8.955,6.965,80.597,0.0,0.0,3.483
17.327,13.366,65.347,0.0,0.0,3.960
13.402,8.763,72.680,0.0,0.0,5.155
12.621,11.650,73.301,0.0,0.0,2.427
0.0,0.0,100.0,0.0,0.0,0.0
2.010,1.005,95.980,0.0,0.0,1.005
11.917,10.363,72.539,0.0,0.0,5.181
0.0,0.0,100.0,0.0,0.0,0.0
0.0,0.0,100.0,0.0,0.0,0.0
9.744,7.692,78.974,0.0,0.0,3.590
5.025,2.513,90.452,0.0,0.0,2.010
7.035,3.518,85.930,0.0,0.0,3.518
7.772,5.181,83.938,0.0,0.0,3.109
0.0,0.0,100.0,0.0,0.0,0.0
3.518,2.010,93.467,0.503,0.0,0.503
10.417,7.292,79.688,0.0,0.0,2.604
6.154,2.564,88.718,0.0,0.0,2.564
6.566,1.515,89.394,0.0,0.0,2.525
0.0,0.0,100.0,0.0,0.0,0.0
10.471,7.330,78.010,0.0,0.0,4.188
1.990,2.488,94.527,0.0,0.0,0.995
15.0,10.500,70.0,0.0,0.0,4.500
12.626,7.071,75.758,0.0,0.0,4.545
10.256,8.718,77.436,0.0,0.0,3.590
3.571,2.041,93.367,0.0,0.0,1.020
6.599,5.076,84.264,0.0,0.0,4.061
10.945,7.960,79.602,0.0,0.0,1.493
0.0,0.0,100.0,0.0,0.0,0.0
0.0,0.0,100.0,0.0,0.0,0.0
3.941,2.463,91.626,0.0,0.0,1.970
14.646,8.081,71.717,0.0,0.0,5.556
15.979,10.825,66.495,0.0,0.0,6.701
17.172,13.131,64.141,0.0,0.0,5.556
14.796,12.245,67.347,0.0,0.0,5.612
16.580,11.399,67.876,0.0,0.0,4.145
16.578,12.834,68.449,0.0,0.0,2.139
20.202,12.626,64.646,0.0,0.0,2.525
18.462,10.256,67.692,0.0,0.0,3.590
13.568,11.558,67.839,0.0,0.0,7.035
13.990,10.363,70.984,0.0,0.0,4.663
17.085,8.543,68.342,0.0,0.0,6.030
15.578,9.548,69.347,0.0,0.0,5.528
17.073,10.244,66.341,0.0,0.0,6.341
16.495,6.701,70.103,0.0,0.0,6.701
9.453,4.478,83.085,0.0,0.0,2.985
14.213,6.599,75.127,0.0,0.0,4.061
16.256,11.823,66.995,0.0,0.0,4.926
14.428,10.448,68.159,0.0,0.0,6.965
9.500,2.0,87.0,0.0,0.0,1.500
0.0,0.500,99.500,0.0,0.0,0.0
8.416,4.950,83.168,0.0,0.0,3.465
4.545,2.525,90.909,0.0,0.0,2.020
12.626,7.576,73.737,0.0,0.0,6.061
8.629,6.091,81.726,0.0,0.0,3.553
14.925,14.428,65.672,0.0,0.0,4.975
13.065,15.578,65.327,0.0,0.0,6.030
17.910,12.935,65.672,0.0,0.0,3.483
7.035,3.015,87.437,0.0,0.0,2.513
1.005,0.0,98.995,0.0,0.0,0.0
1.515,0.505,96.970,0.0,0.0,1.010
10.500,7.0,77.500,0.0,0.0,5.0
7.389,4.433,84.729,0.0,0.0,3.448
7.921,4.950,84.158,0.0,0.0,2.970
16.146,7.812,70.833,0.0,0.0,5.208
14.721,8.629,70.558,0.0,0.0,6.091
11.940,4.975,80.100,0.0,0.0,2.985
0.0,0.0,100.0,0.0,0.0,0.0
9.091,6.566,80.808,0.0,0.0,3.535
5.612,3.061,87.245,0.0,0.0,4.082
12.0,7.500,76.500,0.0,0.0,4.0
3.077,2.051,92.308,0.0,0.0,2.564
9.645,4.569,82.234,0.0,0.0,3.553
10.714,8.673,75.510,0.0,0.0,5.102
4.569,2.538,90.863,0.0,0.0,2.030
11.979,5.729,79.688,0.0,0.0,2.604
11.707,7.805,74.634,0.0,0.0,5.854
13.235,6.373,74.020,0.0,0.0,6.373
7.500,5.0,85.0,0.0,0.0,2.500
16.583,7.538,69.849,0.0,0.0,6.030
15.183,7.330,72.251,0.0,0.0,5.236
16.585,9.756,67.317,0.0,0.0,6.341
14.778,8.374,71.429,0.0,0.0,5.419
15.0,7.500,74.0,0.0,0.0,3.500
0.0,0.0,100.0,0.0,0.0,0.0
0.0,0.0,100.0,0.0,0.0,0.0
0.498,0.0,99.502,0.0,0.0,0.0
11.917,10.881,73.057,0.0,0.0,4.145
15.578,8.543,69.849,0.0,0.0,6.030
11.765,7.843,78.431,0.0,0.0,1.961
0.0,0.0,100.0,0.0,0.0,0.0
0.0,0.0,100.0,0.0,0.0,0.0
12.500,6.0,78.0,0.0,0.0,3.500
2.525,1.010,94.949,0.0,0.0,1.515
0.0,0.0,100.0,0.0,0.0,0.0
0.0,0.0,100.0,0.0,0.0,0.0
14.646,6.061,75.758,0.0,0.0,3.535
3.0,1.500,94.500,0.0,0.0,1.0
11.399,6.736,77.202,0.0,0.0,4.663
3.980,2.985,91.542,0.0,0.0,1.493
9.091,6.566,81.818,0.0,0.0,2.525
2.956,4.433,91.133,0.0,0.0,1.478
12.060,6.030,78.894,0.0,0.0,3.015
8.122,3.046,86.802,0.0,0.0,2.030
7.0,4.500,85.0,0.0,0.0,3.500
13.990,9.845,72.021,0.0,0.0,4.145
9.548,7.035,79.397,0.0,0.0,4.020
0.0,0.0,100.0,0.0,0.0,0.0
8.629,7.614,78.680,0.0,0.0,5.076
7.282,4.369,85.922,0.0,0.0,2.427
9.901,5.941,79.703,0.0,0.0,4.455
16.162,6.566,71.717,0.0,0.0,5.556
15.544,9.845,70.466,0.0,0.0,4.145
15.816,8.163,69.898,0.0,0.0,6.122
9.596,8.081,77.778,0.0,0.0,4.545
11.616,11.111,70.707,0.0,0.0,6.566
1.010,0.0,98.990,0.0,0.0,0.0
13.846,10.256,71.282,0.0,0.0,4.615
13.472,9.326,73.057,0.0,0.0,4.145
14.721,8.629,71.066,0.0,0.0,5.584
17.172,14.141,63.636,0.0,0.0,5.051
16.162,11.616,67.172,0.0,0.0,5.051
19.0,11.500,65.0,0.0,0.0,4.500
16.923,11.795,64.615,0.0,0.0,6.667
18.447,13.592,63.107,0.0,0.0,4.854
2.0,1.0,97.0,0.0,0.0,0.0
11.823,7.882,77.340,0.0,0.0,2.956
8.867,6.897,81.773,0.0,0.0,2.463
16.244,11.168,70.558,0.0,0.0,2.030
0.0,0.0,100.0,0.0,0.0,0.0
0.0,0.0,100.0,0.0,0.0,0.0
5.556,5.051,87.879,0.0,0.0,1.515
8.040,7.538,81.407,0.0,0.0,3.015
0.498,0.0,99.502,0.0,0.0,0.0
0.0,0.0,100.0,0.0,0.0,0.0
11.275,10.294,74.510,0.0,0.0,3.922
13.265,13.776,67.347,0.0,0.0,5.612
16.162,12.121,65.657,0.0,0.0,6.061
8.673,6.633,79.592,0.0,0.0,5.102
9.950,8.955,78.607,0.0,0.0,2.488
6.061,7.576,83.838,0.0,0.0,2.525
18.049,12.195,64.390,0.0,0.0,5.366
17.157,14.706,63.725,0.0,0.0,4.412
17.347,10.204,66.327,0.0,0.0,6.122
6.030,5.025,87.437,0.0,0.0,1.508
0.500,0.0,99.500,0.0,0.0,0.0
15.736,8.122,68.528,0.0,0.0,7.614
3.518,3.015,92.462,0.0,0.0,1.005
13.265,8.163,73.980,0.0,0.0,4.592
8.163,7.653,79.592,0.0,0.0,4.592
5.500,4.0,88.0,0.0,0.0,2.500
11.735,9.694,74.490,0.0,0.0,4.082
5.584,2.030,90.863,0.0,0.0,1.523
13.568,11.558,71.357,0.0,0.0,3.518
10.769,10.769,73.846,0.0,0.0,4.615
8.586,3.030,85.354,0.0,0.0,3.030
13.568,9.548,68.844,0.0,0.0,8.040
15.0,10.500,69.0,0.0,0.0,5.500
7.107,6.091,81.726,0.0,0.0,5.076
8.040,3.518,84.422,0.0,0.0,4.020
7.216,5.670,85.052,0.0,0.0,2.062
3.980,5.473,88.557,0.0,0.0,1.990
10.050,8.040,75.377,0.0,0.0,6.533
0.0,0.0,100.0,0.0,0.0,0.0
11.111,6.566,77.778,0.0,0.0,4.545
1.508,1.005,96.985,0.0,0.0,0.503
10.553,9.548,74.372,0.0,0.0,5.528
7.653,5.612,83.673,0.0,0.0,3.061
4.545,5.556,87.374,0.0,0.0,2.525
13.918,9.278,71.649,0.0,0.0,5.155
13.830,10.638,69.149,0.0,0.0,6.383
5.584,5.076,85.787,0.0,0.0,3.553
6.566,9.596,80.303,0.0,0.0,3.535
0.498,0.0,99.502,0.0,0.0,0.0
0.0,0.0,100.0,0.0,0.0,0.0
2.500,2.0,94.0,0.500,0.0,1.0
11.340,9.794,73.196,0.0,0.0,5.670
0.0,0.0,100.0,0.0,0.0,0.0
0.0,0.0,100.0,0.0,0.0,0.0
12.245,8.673,76.020,0.0,0.0,3.061
4.592,2.041,89.796,0.0,0.0,3.571
0.0,0.0,100.0,0.0,0.0,0.0
0.0,0.0,100.0,0.0,0.0,0.0
10.309,6.186,79.381,0.0,0.0,4.124
4.040,3.030,91.414,0.0,0.0,1.515
0.0,0.0,100.0,0.0,0.0,0.0
0.0,0.0,100.0,0.0,0.0,0.0
0.0,0.0,100.0,0.0,0.0,0.0
0.498,0.0,99.502,0.0,0.0,0.0
0.0,0.0,100.0,0.0,0.0,0.0
13.636,8.586,71.717,0.0,0.0,6.061
1.523,1.523,95.939,0.0,0.0,1.015
0.0,0.0,100.0,0.0,0.0,0.0
0.0,0.0,100.0,0.0,0.0,0.0
0.0,0.0,100.0,0.0,0.0,0.0
0.0,0.0,100.0,0.0,0.0,0.0
0.498,0.0,99.502,0.0,0.0,0.0
15.657,13.636,66.162,0.0,0.0,4.545
13.846,14.359,67.179,0.0,0.0,4.615
14.213,14.213,67.513,0.0,0.0,4.061
1.0,0.500,97.500,0.0,0.0,1.0
0.0,0.0,100.0,0.0,0.0,0.0
0.0,0.0,100.0,0.0,0.0,0.0
4.020,4.020,89.950,0.0,0.0,2.010
9.184,8.163,78.571,0.0,0.0,4.082
0.0,0.0,100.0,0.0,0.0,0.0
2.941,3.922,91.176,0.0,0.0,1.961
16.327,11.224,66.327,0.0,0.0,6.122
12.121,8.586,75.253,0.0,0.0,4.040
10.825,7.216,78.866,0.0,0.0,3.093
13.861,11.386,69.307,0.0,0.0,5.446
13.846,11.795,68.205,0.0,0.0,6.154
4.103,3.590,91.795,0.0,0.0,0.513
0.0,0.0,100.0,0.0,0.0,0.0
6.500,3.0,89.500,0.0,0.0,1.0
11.795,7.179,78.462,0.0,0.0,2.564
2.985,4.975,90.547,0.0,0.0,1.493
10.309,8.763,78.866,0.0,0.0,2.062
18.090,10.553,67.337,0.0,0.0,4.020
0.0,0.0,100.0,0.0,0.0,0.0
4.500,2.500,92.0,0.0,0.0,1.0
10.256,8.718,77.949,0.0,0.0,3.077
0.0,0.0,100.0,0.0,0.0,0.0
8.718,8.205,82.051,0.0,0.0,1.026
6.030,6.030,86.432,0.0,0.0,1.508
3.518,2.513,93.467,0.0,0.0,0.503
11.224,10.204,75.510,0.0,0.0,3.061
0.0,0.0,100.0,0.0,0.0,0.0
0.0,0.0,100.0,0.0,0.0,0.0
0.0,0.0,100.0,0.0,0.0,0.0
2.551,2.041,95.408,0.0,0.0,0.0
11.979,9.896,73.438,0.0,0.0,4.688
0.0,0.0,100.0,0.0,0.0,0.0
0.0,0.0,100.0,0.0,0.0,0.0
8.629,6.091,83.756,0.0,0.0,1.523
8.543,6.533,83.417,0.0,0.0,1.508
0.0,0.0,100.0,0.0,0.0,0.0
0.0,0.0,100.0,0.0,0.0,0.0
0.0,0.0,100.0,0.0,0.0,0.0
0.0,0.0,100.0,0.0,0.0,0.0
11.111,10.582,74.074,0.0,0.0,4.233
4.0,2.500,92.0,0.0,0.0,1.500
9.223,7.282,81.553,0.0,0.0,1.942
8.333,6.250,80.729,0.0,0.0,4.688
16.146,11.979,68.229,0.0,0.0,3.646
11.224,7.653,74.490,0.0,0.0,6.633
15.657,11.616,67.677,0.0,0.0,5.051
0.503,0.503,98.995,0.0,0.0,0.0
14.508,10.363,70.466,0.0,0.0,4.663
6.091,4.061,87.817,0.0,0.0,2.030
15.625,11.458,67.708,0.0,0.0,5.208
13.402,13.918,67.526,0.0,0.0,5.155
16.667,13.235,64.706,0.0,0.0,5.392
14.796,12.245,66.837,0.0,0.0,6.122
13.198,10.152,72.081,0.0,0.0,4.569
14.796,10.714,67.857,0.0,0.0,6.633
15.625,10.938,67.188,0.0,0.0,6.250
8.718,5.128,81.538,0.0,0.0,4.615
12.887,8.247,74.742,0.0,0.0,4.124
4.061,4.061,90.355,0.0,0.0,1.523
7.216,3.608,85.567,0.0,0.0,3.608
11.940,6.965,78.607,0.0,0.0,2.488
3.030,2.020,93.434,0.0,0.0,1.515
0.0,0.0,100.0,0.0,0.0,0.0
0.0,0.0,100.0,0.0,0.0,0.0
0.0,0.0,100.0,0.0,0.0,0.0
0.995,1.493,96.517,0.0,0.0,0.995
13.846,11.282,69.744,0.0,0.0,5.128
11.616,6.566,78.788,0.0,0.0,3.030
14.872,9.231,72.308,0.0,0.0,3.590
0.0,0.0,100.0,0.0,0.0,0.0
12.690,8.122,73.604,0.508,0.0,5.076
1.005,0.503,98.492,0.0,0.0,0.0
10.256,9.744,77.436,0.0,0.0,2.564
7.843,7.353,81.863,0.0,0.0,2.941
10.995,7.330,78.534,0.0,0.0,3.141
9.326,7.254,78.756,0.0,0.0,4.663
3.553,3.553,90.355,0.0,0.0,2.538
15.263,9.474,71.053,0.0,0.0,4.211
9.645,6.091,81.218,0.0,0.0,3.046
12.953,12.435,66.839,0.0,0.0,7.772
15.026,9.326,67.358,0.0,0.0,8.290
15.385,13.333,66.667,0.0,0.0,4.615
17.347,11.224,67.857,0.0,0.0,3.571
8.458,5.473,83.582,0.0,0.0,2.488
16.495,9.794,67.526,0.0,0.0,6.186
2.030,1.015,95.431,0.0,0.0,1.523
11.795,9.744,73.333,0.0,0.0,5.128
0.0,0.0,100.0,0.0,0.0,0.0
9.548,11.055,73.869,0.0,0.0,5.528
5.0,2.0,91.500,0.0,0.0,1.500
9.406,10.396,76.238,0.0,0.0,3.960
14.948,12.371,67.526,0.0,0.0,5.155
5.528,1.508,91.457,0.0,0.0,1.508
0.0,0.0,100.0,0.0,0.0,0.0
13.918,10.309,72.680,0.0,0.0,3.093
2.0,1.500,96.0,0.0,0.0,0.500
0.0,0.0,100.0,0.0,0.0,0.0
0.0,0.0,100.0,0.0,0.0,0.0
9.326,8.808,79.793,0.0,0.0,2.073
7.216,6.701,84.536,0.0,0.0,1.546
0.0,0.0,100.0,0.0,0.0,0.0
12.690,10.660,74.619,0.0,0.0,2.030
4.211,2.105,93.684,0.0,0.0,0.0
0.0,0.0,100.0,0.0,0.0,0.0
0.0,0.0,100.0,0.0,0.0,0.0
10.714,7.653,79.082,0.0,0.0,2.551
6.931,4.455,86.634,0.0,0.0,1.980
0.0,0.0,100.0,0.0,0.0,0.0
0.0,0.0,100.0,0.0,0.0,0.0
0.500,0.0,99.500,0.0,0.0,0.0
13.725,8.333,72.549,0.0,0.0,5.392
1.500,1.0,97.500,0.0,0.0,0.0
0.0,0.0,100.0,0.0,0.0,0.0
13.636,9.596,72.222,0.0,0.0,4.545
0.0,0.0,100.0,0.0,0.0,0.0
7.576,6.061,83.838,0.0,0.0,2.525
4.500,4.0,89.500,0.0,0.0,2.0
13.659,9.268,69.756,0.0,0.0,7.317
14.070,12.060,68.342,0.0,0.0,5.528
15.196,8.824,70.588,0.0,0.0,5.392
0.0,0.0,100.0,0.0,0.0,0.0
0.500,0.0,99.500,0.0,0.0,0.0
1.508,2.513,94.975,0.0,0.0,1.005
9.645,6.599,78.680,0.0,0.0,5.076
10.837,3.941,81.281,0.0,0.0,3.941
7.035,4.020,86.432,0.0,0.0,2.513
16.337,9.901,66.337,0.0,0.0,7.426
12.953,10.363,70.984,0.0,0.0,5.699
8.500,7.0,81.500,0.0,0.0,3.0
8.0,5.500,84.0,0.0,0.0,2.500
7.500,4.0,86.0,0.0,0.0,2.500
7.143,6.122,83.673,0.0,0.0,3.061
5.941,4.455,86.634,0.0,0.0,2.970
0.0,0.0,100.0,0.0,0.0,0.0
0.505,1.010,98.485,0.0,0.0,0.0
9.744,8.205,76.923,0.0,0.0,5.128
0.0,0.0,100.0,0.0,0.0,0.0
0.0,0.0,100.0,0.0,0.0,0.0
9.0,4.0,83.0,0.0,0.0,4.0
5.051,3.030,89.394,0.0,0.0,2.525
0.0,0.0,100.0,0.0,0.0,0.0
0.0,0.0,100.0,0.0,0.0,0.0
0.0,0.0,100.0,0.0,0.0,0.0
0.498,0.0,99.502,0.0,0.0,0.0
12.871,10.891,70.792,0.0,0.0,5.446
0.0,0.0,100.0,0.0,0.0,0.0
14.646,9.091,70.707,0.0,0.0,5.556
16.500,10.0,69.0,0.0,0.0,4.500
16.667,13.131,65.152,0.0,0.0,5.051
15.736,13.198,66.497,0.0,0.0,4.569
17.647,13.725,64.216,0.0,0.0,4.412
16.327,11.735,65.816,0.0,0.0,6.122
16.418,12.438,66.169,0.0,0.0,4.975
17.347,11.224,67.347,0.0,0.0,4.082
15.385,12.821,66.154,0.0,0.0,5.641
17.0,11.0,66.500,0.0,0.0,5.500
14.286,8.466,70.899,0.0,0.0,6.349
8.205,4.615,81.538,0.0,0.0,5.641
11.0,5.500,79.0,0.0,0.0,4.500
13.918,12.371,69.072,0.0,0.0,4.639
11.0,6.0,80.500,0.0,0.0,2.500
8.718,4.103,85.128,0.0,0.0,2.051
0.0,0.0,100.0,0.0,0.0,0.0
0.0,0.498,99.502,0.0,0.0,0.0
0.0,0.0,100.0,0.0,0.0,0.0
0.0,0.0,100.0,0.0,0.0,0.0
18.274,7.614,70.051,0.0,0.0,4.061
0.500,0.500,98.500,0.0,0.0,0.500
8.040,6.533,84.422,0.0,0.0,1.005
9.901,8.416,79.208,0.0,0.0,2.475
0.0,0.0,100.0,0.0,0.0,0.0
0.0,0.0,100.0,0.0,0.0,0.0
8.205,7.179,81.538,0.0,0.0,3.077
7.071,4.545,86.869,0.0,0.0,1.515
0.0,0.0,100.0,0.0,0.0,0.0
13.433,13.433,69.652,0.0,0.0,3.483
8.673,6.122,83.163,0.0,0.0,2.041
9.091,4.040,83.838,0.0,0.0,3.030
11.675,8.122,74.112,0.0,0.0,6.091
0.0,0.0,100.0,0.0,0.0,0.0
0.0,0.500,99.500,0.0,0.0,0.0
0.0,0.0,100.0,0.0,0.0,0.0
0.0,0.0,100.0,0.0,0.0,0.0
4.523,4.523,88.442,0.0,0.0,2.513
6.061,6.061,84.343,0.0,0.0,3.535
0.500,0.0,99.500,0.0,0.0,0.0
9.375,7.292,79.167,0.0,0.0,4.167
1.500,1.0,96.500,0.0,0.0,1.0
0.0,0.0,100.0,0.0,0.0,0.0
13.930,9.950,72.139,0.0,0.0,3.980
2.030,2.030,95.939,0.0,0.0,0.0
0.0,0.0,100.0,0.0,0.0,0.0
15.920,12.438,68.657,0.0,0.0,2.985
2.0,0.500,96.500,0.0,0.0,1.0
0.0,0.0,100.0,0.0,0.0,0.0
0.0,0.0,99.502,0.498,0.0,0.0
13.659,8.293,71.220,0.0,0.0,6.829
0.0,0.500,99.500,0.0,0.0,0.0
6.341,3.415,89.268,0.0,0.0,0.976
15.385,8.718,69.744,0.0,0.0,6.154
6.533,3.518,87.940,0.0,0.0,2.010
0.0,0.0,100.0,0.0,0.0,0.0
0.0,0.0,100.0,0.0,0.0,0.0
0.0,0.0,100.0,0.0,0.0,0.0
9.950,4.975,81.095,0.0,0.0,3.980
4.500,1.500,92.0,0.0,0.0,2.0
0.0,0.0,100.0,0.0,0.0,0.0
0.0,0.0,100.0,0.0,0.0,0.0
0.0,0.0,100.0,0.0,0.0,0.0
0.0,0.0,100.0,0.0,0.0,0.0
0.0,0.0,100.0,0.0,0.0,0.0
3.500,1.0,94.0,0.0,0.0,1.500
15.500,9.0,69.0,0.0,0.0,6.500
7.576,5.051,83.838,0.0,0.0,3.535
9.045,8.040,77.889,0.0,0.0,5.025
3.483,0.995,94.527,0.0,0.0,0.995
0.0,0.0,100.0,0.0,0.0,0.0
13.433,11.443,68.159,0.0,0.0,6.965
5.102,3.061,88.776,0.0,0.0,3.061
0.0,0.0,100.0,0.0,0.0,0.0
0.500,0.0,99.500,0.0,0.0,0.0
3.030,3.030,90.909,0.0,0.0,3.030
15.423,9.950,68.159,0.0,0.0,6.468
0.0,0.0,100.0,0.0,0.0,0.0
0.0,0.0,100.0,0.0,0.0,0.0
9.231,3.077,84.615,0.0,0.0,3.077
7.107,3.046,87.817,0.0,0.0,2.030
0.0,0.0,100.0,0.0,0.0,0.0
0.0,0.0,100.0,0.0,0.0,0.0
0.0,0.0,100.0,0.0,0.0,0.0
10.0,5.0,81.0,0.0,0.0,4.0
4.103,1.538,92.308,0.0,0.0,2.051
1.005,0.0,98.995,0.0,0.0,0.0
18.557,6.186,69.588,0.0,0.0,5.670
0.498,0.0,99.502,0.0,0.0,0.0
0.0,0.0,100.0,0.0,0.0,0.0
0.0,0.0,100.0,0.0,0.0,0.0
0.498,0.0,99.502,0.0,0.0,0.0
12.308,8.718,74.359,0.0,0.0,4.615
1.485,2.475,95.050,0.0,0.0,0.990
0.0,0.0,100.0,0.0,0.0,0.0
2.0,1.500,96.500,0.0,0.0,0.0
16.583,9.548,68.342,0.0,0.0,5.528
14.0,6.500,75.0,0.0,0.0,4.500
3.030,1.515,95.455,0.0,0.0,0.0
0.0,0.503,99.497,0.0,0.0,0.0
10.152,6.091,79.695,0.0,0.0,4.061
3.015,1.508,94.472,0.0,0.0,1.005
0.0,0.0,100.0,0.0,0.0,0.0
0.0,0.0,100.0,0.0,0.0,0.0
0.0,0.0,100.0,0.0,0.0,0.0
10.101,7.071,79.293,0.0,0.0,3.535
5.941,2.475,89.604,0.0,0.0,1.980
1.531,1.020,96.939,0.0,0.0,0.510
11.735,6.633,75.0,0.0,0.0,6.633
16.749,8.867,68.966,0.0,0.0,5.419
13.500,8.0,72.500,0.0,0.0,6.0
0.500,0.0,99.500,0.0,0.0,0.0
0.0,0.0,100.0,0.0,0.0,0.0
1.508,0.503,97.990,0.0,0.0,0.0
15.920,7.960,71.144,0.0,0.0,4.975
0.0,0.0,100.0,0.0,0.0,0.0
0.503,0.503,98.995,0.0,0.0,0.0
7.426,6.436,83.168,0.0,0.0,2.970
10.714,6.122,80.612,0.0,0.0,2.551
0.0,0.0,100.0,0.0,0.0,0.0
12.435,10.363,73.057,0.0,0.0,4.145
15.736,12.690,65.482,0.0,0.0,6.091
2.041,2.041,95.918,0.0,0.0,0.0
12.565,8.901,73.298,0.0,0.0,5.236
3.483,2.488,92.040,0.0,0.0,1.990
18.227,11.330,66.010,0.0,0.0,4.433
16.162,13.636,64.646,0.0,0.0,5.556
3.030,3.535,92.424,0.0,0.0,1.010
13.402,11.856,70.103,0.0,0.0,4.639
2.970,2.970,91.584,0.0,0.0,2.475
8.673,6.633,80.612,0.0,0.0,4.082
13.861,9.406,73.267,0.0,0.0,3.465
14.211,12.632,67.895,0.0,0.0,5.263
9.500,6.500,78.0,0.0,0.0,6.0
15.306,8.163,69.388,0.0,0.0,7.143
17.413,8.458,66.667,0.0,0.0,7.463
13.846,10.256,68.718,0.0,0.0,7.179
11.224,6.633,78.571,0.0,0.0,3.571
8.543,4.523,82.915,0.0,0.0,4.020
10.050,7.538,78.894,0.0,0.0,3.518
15.104,10.938,67.708,0.0,0.0,6.250
0.503,0.0,99.497,0.0,0.0,0.0
0.0,0.0,100.0,0.0,0.0,0.0
5.970,5.970,85.572,0.0,0.0,2.488
11.616,8.081,77.273,0.0,0.0,3.030
0.0,0.0,100.0,0.0,0.0,0.0
0.0,0.0,100.0,0.0,0.0,0.0
0.0,0.0,100.0,0.0,0.0,0.0
0.0,0.0,100.0,0.0,0.0,0.0
5.446,5.446,88.119,0.495,0.0,0.495
15.873,8.995,70.370,0.0,0.0,4.762
13.990,9.326,69.430,0.0,0.0,7.254
4.020,3.518,91.457,0.0,0.0,1.005
14.141,11.616,67.172,0.0,0.0,7.071
0.500,0.0,99.500,0.0,0.0,0.0
0.0,0.0,100.0,0.0,0.0,0.0
8.586,4.545,83.838,0.0,0.0,3.030
10.660,5.584,79.188,0.0,0.0,4.569
17.766,11.675,65.990,0.0,0.0,4.569
8.293,9.756,78.049,0.0,0.0,3.902
17.347,12.755,65.306,0.0,0.0,4.592
11.500,6.500,78.500,0.0,0.0,3.500
15.736,10.660,67.513,0.0,0.0,6.091
17.949,13.333,64.615,0.0,0.0,4.103
4.020,3.518,89.447,0.0,0.0,3.015
0.0,0.0,100.0,0.0,0.0,0.0
13.198,9.645,73.096,0.0,0.0,4.061
4.545,2.020,91.919,0.0,0.0,1.515
0.0,0.0,100.0,0.0,0.0,0.0
0.0,0.0,100.0,0.0,0.0,0.0
18.905,12.935,64.179,0.0,0.0,3.980
0.0,0.0,100.0,0.0,0.0,0.0
16.667,9.596,68.182,0.0,0.0,5.556
5.473,4.478,89.055,0.0,0.0,0.995
17.098,11.917,65.803,0.0,0.0,5.181
13.568,12.563,67.839,0.0,0.0,6.030
15.152,12.121,65.657,0.0,0.0,7.071
0.0,0.0,100.0,0.0,0.0,0.0
0.0,0.500,99.500,0.0,0.0,0.0
17.526,10.825,65.464,0.0,0.0,6.186
1.010,1.010,97.475,0.0,0.0,0.505
0.0,0.0,100.0,0.0,0.0,0.0
0.0,0.0,100.0,0.0,0.0,0.0
8.500,5.0,82.500,0.0,0.0,4.0
15.578,7.035,69.849,0.0,0.0,7.538
4.523,3.518,89.447,0.0,0.0,2.513
0.0,0.0,100.0,0.0,0.0,0.0
0.0,0.0,100.0,0.0,0.0,0.0
0.0,0.0,100.0,0.0,0.0,0.0
0.0,0.0,100.0,0.0,0.0,0.0
0.0,0.0,100.0,0.0,0.0,0.0
0.503,0.503,98.995,0.0,0.0,0.0
0.0,0.0,100.0,0.0,0.0,0.0
11.111,6.566,78.788,0.0,0.0,3.535
4.500,3.500,91.0,0.0,0.0,1.0
0.0,0.0,100.0,0.0,0.0,0.0
0.0,0.0,100.0,0.0,0.0,0.0
0.0,0.0,100.0,0.0,0.0,0.0
0.0,0.0,100.0,0.0,0.0,0.0
0.0,0.0,100.0,0.0,0.0,0.0
0.0,0.0,100.0,0.0,0.0,0.0
8.543,6.030,83.417,0.0,0.0,2.010
19.403,7.960,67.662,0.0,0.0,4.975
6.373,2.941,86.765,0.0,0.0,3.922
0.0,0.0,100.0,0.0,0.0,0.0
0.0,0.0,100.0,0.0,0.0,0.0
9.901,4.950,81.188,0.0,0.0,3.960
6.863,3.431,87.745,0.0,0.0,1.961
0.503,0.0,99.497,0.0,0.0,0.0
11.282,12.308,71.282,0.0,0.0,5.128
2.500,1.500,95.0,0.0,0.0,1.0
11.856,6.701,78.351,0.0,0.0,3.093
0.0,0.0,100.0,0.0,0.0,0.0
0.0,0.0,100.0,0.0,0.0,0.0
0.0,0.0,100.0,0.0,0.0,0.0
0.0,0.0,100.0,0.0,0.0,0.0
0.0,0.0,100.0,0.0,0.0,0.0
0.0,0.0,100.0,0.0,0.0,0.0
14.851,9.406,69.307,0.0,0.0,6.436
2.0,1.0,96.0,0.0,0.0,1.0
6.0,3.0,89.0,0.0,0.0,2.0
15.075,10.050,71.357,0.0,0.0,3.518
0.0,0.0,100.0,0.0,0.0,0.0
0.0,0.0,100.0,0.0,0.0,0.0
3.553,3.046,91.878,0.0,0.0,1.523
14.213,8.122,73.604,0.0,0.0,4.061
7.0,9.0,82.500,0.0,0.0,1.500
7.143,6.122,83.163,0.0,0.0,3.571
2.0,2.0,95.500,0.0,0.0,0.500
14.872,11.282,67.692,0.0,0.0,6.154
0.0,0.0,100.0,0.0,0.0,0.0
0.500,0.0,99.500,0.0,0.0,0.0
8.081,5.556,85.859,0.0,0.0,0.505
10.825,8.247,76.289,0.0,0.0,4.639
0.0,0.0,100.0,0.0,0.0,0.0
0.0,0.0,100.0,0.0,0.0,0.0
0.0,0.0,100.0,0.0,0.0,0.0
0.0,0.0,100.0,0.0,0.0,0.0
0.0,0.0,100.0,0.0,0.0,0.0
12.0,9.500,74.500,0.0,0.0,4.0
7.538,4.020,86.432,0.0,0.0,2.010
0.498,0.0,99.502,0.0,0.0,0.0
0.0,0.0,100.0,0.0,0.0,0.0
0.0,0.0,100.0,0.0,0.0,0.0
0.0,0.0,100.0,0.0,0.0,0.0
8.543,9.045,77.889,0.0,0.0,4.523
8.629,6.091,82.741,0.0,0.0,2.538
0.0,0.0,100.0,0.0,0.0,0.0
8.122,2.538,88.325,0.0,0.0,1.015
9.231,7.692,79.487,0.0,0.0,3.590
11.282,11.282,72.308,0.0,0.0,5.128
4.020,3.518,91.457,0.0,0.0,1.005
0.0,0.0,100.0,0.0,0.0,0.0
6.468,1.990,90.050,0.0,0.0,1.493
2.551,2.551,94.898,0.0,0.0,0.0
10.660,6.599,78.680,0.0,0.0,4.061
0.0,0.0,100.0,0.0,0.0,0.0
1.515,0.505,96.970,0.0,0.0,1.010
17.259,12.183,65.990,0.0,0.0,4.569
0.0,0.0,100.0,0.0,0.0,0.0
0.0,0.0,100.0,0.0,0.0,0.0
3.518,2.010,93.970,0.0,0.0,0.503
13.776,11.224,69.388,0.0,0.0,5.612
0.0,0.0,100.0,0.0,0.0,0.0
0.0,0.500,99.500,0.0,0.0,0.0
