"Dstat 0.7.2 CSV output"
"Author:","Dag Wieers <dag@wieers.com>",,,,"URL:","http://dag.wieers.com/home-made/dstat/"
"Host:","Servidor",,,,"User:","root"
"Cmdline:","dstat -c --output dstat2.txt",,,,"Date:","14 May 2018 16:39:11 UTC"

"total cpu usage",,,,,
"usr","sys","idl","wai","hiq","siq"
5.102,3.325,90.109,0.045,0.0,1.420
0.0,0.0,100.0,0.0,0.0,0.0
0.500,0.0,99.500,0.0,0.0,0.0
0.0,0.0,100.0,0.0,0.0,0.0
0.0,0.0,100.0,0.0,0.0,0.0
0.0,0.0,100.0,0.0,0.0,0.0
0.0,0.0,100.0,0.0,0.0,0.0
0.0,0.0,100.0,0.0,0.0,0.0
0.0,0.0,100.0,0.0,0.0,0.0
0.0,0.0,100.0,0.0,0.0,0.0
0.0,0.0,100.0,0.0,0.0,0.0
0.0,0.0,100.0,0.0,0.0,0.0
0.0,0.0,100.0,0.0,0.0,0.0
0.0,0.0,100.0,0.0,0.0,0.0


"Host:","Servidor",,,,"User:","root"
"Cmdline:","dstat -c --output dstat2.txt",,,,"Date:","14 May 2018 16:39:43 UTC"

"total cpu usage",,,,,
"usr","sys","idl","wai","hiq","siq"
5.069,3.301,90.176,0.045,0.0,1.410
34.848,18.687,38.384,0.0,0.0,8.081
31.959,17.526,43.299,0.0,0.0,7.216
28.788,21.212,42.929,0.0,0.0,7.071
28.877,17.112,45.455,0.0,0.0,8.556
32.020,20.690,39.409,0.0,0.0,7.882
30.348,18.408,40.796,0.0,0.0,10.448
29.949,16.244,42.640,0.0,0.0,11.168
28.421,20.0,42.632,0.0,0.0,8.947


"Host:","Servidor",,,,"User:","root"
"Cmdline:","dstat -c --output dstat2.txt",,,,"Date:","14 May 2018 16:39:53 UTC"

"total cpu usage",,,,,
"usr","sys","idl","wai","hiq","siq"
5.140,3.343,90.043,0.044,0.0,1.429
0.498,0.0,99.502,0.0,0.0,0.0
0.0,0.498,99.502,0.0,0.0,0.0
0.0,0.0,100.0,0.0,0.0,0.0
30.769,15.385,46.154,0.0,0.0,7.692
29.082,17.857,39.286,0.0,0.0,13.776
26.108,20.690,39.901,0.0,0.0,13.300
13.131,5.556,74.747,0.0,0.0,6.566
4.926,3.941,88.670,0.0,0.0,2.463
11.0,8.0,74.500,0.0,0.0,6.500
12.500,8.0,74.500,0.0,0.0,5.0
3.518,3.015,90.452,0.0,0.0,3.015
0.0,0.0,100.0,0.0,0.0,0.0
19.802,12.376,60.396,0.0,0.0,7.426
0.0,0.0,100.0,0.0,0.0,0.0
13.433,9.453,72.139,0.0,0.0,4.975
9.406,6.436,78.713,0.0,0.0,5.446
6.0,5.0,85.500,0.0,0.0,3.500
0.0,0.0,100.0,0.0,0.0,0.0
4.545,3.535,88.889,0.0,0.0,3.030
7.500,7.500,82.0,0.0,0.0,3.0
8.543,6.030,82.412,0.0,0.0,3.015
5.473,6.468,85.075,0.0,0.0,2.985
12.690,10.152,70.558,0.0,0.0,6.599
0.500,0.0,99.0,0.0,0.0,0.500
20.0,10.0,62.0,0.0,0.0,8.0
10.204,6.122,79.082,0.0,0.0,4.592
0.0,0.0,100.0,0.0,0.0,0.0
0.0,0.0,100.0,0.0,0.0,0.0
11.940,6.965,76.617,0.0,0.0,4.478
4.0,3.0,92.0,0.0,0.0,1.0
12.060,10.050,72.864,0.0,0.0,5.025
4.020,1.005,93.467,0.0,0.0,1.508
0.0,0.0,100.0,0.0,0.0,0.0
5.473,1.493,91.542,0.0,0.0,1.493
27.136,17.588,45.226,0.0,0.0,10.050
0.498,0.0,99.502,0.0,0.0,0.0
8.543,7.035,81.910,0.0,0.0,2.513
7.0,2.0,87.500,0.0,0.0,3.500
14.925,11.443,67.662,0.0,0.0,5.970
0.0,0.0,100.0,0.0,0.0,0.0
10.500,9.500,75.500,0.0,0.0,4.500
4.975,1.990,92.040,0.0,0.0,0.995
25.871,18.408,47.761,0.0,0.0,7.960
21.891,12.935,59.701,0.0,0.0,5.473
16.505,9.709,67.961,0.0,0.0,5.825
16.327,10.204,67.347,0.0,0.0,6.122
9.0,6.0,81.500,0.0,0.0,3.500
10.732,4.878,80.488,0.0,0.0,3.902
26.866,15.920,50.746,0.0,0.0,6.468
4.0,3.500,90.500,0.0,0.0,2.0
14.646,9.596,70.707,0.0,0.0,5.051
5.556,4.545,88.889,0.0,0.0,1.010
9.694,8.163,79.082,0.0,0.0,3.061
0.0,0.0,100.0,0.0,0.0,0.0
15.920,10.945,66.667,0.0,0.0,6.468
13.402,8.763,73.711,0.0,0.0,4.124
27.500,18.500,45.500,0.0,0.0,8.500
17.259,13.198,64.467,0.0,0.0,5.076
13.131,10.606,69.192,0.0,0.0,7.071
5.941,5.446,87.129,0.0,0.0,1.485
17.822,9.901,66.337,0.0,0.0,5.941
10.256,5.641,82.564,0.0,0.0,1.538
11.940,7.960,75.124,0.0,0.0,4.975
0.0,0.0,100.0,0.0,0.0,0.0
15.657,9.596,70.707,0.0,0.0,4.040
0.0,0.0,100.0,0.0,0.0,0.0
12.121,8.586,74.242,0.0,0.0,5.051
15.979,11.856,67.526,0.0,0.0,4.639
22.277,17.327,54.455,0.0,0.0,5.941
29.442,21.320,39.594,0.0,0.0,9.645
28.788,21.212,42.424,0.0,0.0,7.576
14.796,10.204,70.408,0.0,0.0,4.592
16.244,5.584,74.112,0.0,0.0,4.061
17.500,12.500,64.0,0.0,0.0,6.0
24.747,20.707,46.970,0.0,0.0,7.576
10.101,10.101,77.273,0.0,0.0,2.525
4.0,3.0,92.500,0.0,0.0,0.500
16.667,8.081,70.707,0.0,0.0,4.545
11.917,9.326,75.130,0.0,0.0,3.627
22.613,19.095,51.759,0.0,0.0,6.533
23.077,13.846,56.410,0.0,0.0,6.667
8.081,4.545,85.859,0.505,0.0,1.010
7.463,6.468,84.080,0.0,0.0,1.990
11.675,6.599,77.665,0.0,0.0,4.061
3.030,1.515,94.444,0.0,0.0,1.010
6.500,5.0,86.0,0.0,0.0,2.500
7.538,4.523,84.925,0.0,0.0,3.015
6.030,4.523,88.442,0.0,0.0,1.005
8.458,6.468,82.090,0.0,0.0,2.985
5.076,3.553,88.832,0.0,0.0,2.538
10.050,6.533,80.905,0.0,0.0,2.513
13.500,11.0,70.500,0.0,0.0,5.0
0.0,0.0,100.0,0.0,0.0,0.0
16.832,10.891,67.822,0.0,0.0,4.455
15.578,9.548,69.347,0.0,0.0,5.528
17.259,9.645,68.020,0.0,0.0,5.076
0.0,0.0,100.0,0.0,0.0,0.0
15.0,12.0,68.500,0.0,0.0,4.500
4.040,2.020,92.929,0.0,0.0,1.010
25.854,20.0,45.854,0.0,0.0,8.293
0.500,0.0,99.500,0.0,0.0,0.0
14.573,10.050,70.352,0.0,0.0,5.025
0.0,0.0,100.0,0.0,0.0,0.0
22.680,11.340,58.247,0.0,0.0,7.732
16.749,10.837,66.502,0.0,0.0,5.911
6.566,4.545,86.364,0.0,0.0,2.525
28.426,16.244,44.162,0.0,0.0,11.168
14.778,11.330,66.502,0.0,0.0,7.389
1.523,1.015,96.954,0.0,0.0,0.508
5.051,2.525,90.404,0.0,0.0,2.020
9.360,5.911,79.803,0.0,0.0,4.926
2.985,1.990,94.030,0.0,0.0,0.995
13.265,8.163,74.490,0.0,0.0,4.082
0.0,0.0,100.0,0.0,0.0,0.0
13.861,9.901,71.782,0.0,0.0,4.455
10.714,7.653,79.082,0.0,0.0,2.551
16.667,12.626,65.152,0.0,0.0,5.556
14.500,11.0,69.0,0.0,0.0,5.500
13.131,9.596,73.737,0.0,0.0,3.535
16.418,8.458,70.647,0.0,0.0,4.478
6.500,4.0,87.0,0.0,0.0,2.500
7.614,4.061,87.817,0.0,0.0,0.508
14.070,10.553,72.362,0.0,0.0,3.015
0.0,0.0,100.0,0.0,0.0,0.0
13.568,9.045,72.362,0.0,0.0,5.025
0.0,0.0,100.0,0.0,0.0,0.0
18.687,10.606,63.636,0.0,0.0,7.071
24.352,16.580,51.813,0.0,0.0,7.254
3.553,1.015,95.431,0.0,0.0,0.0
17.413,9.950,66.667,0.0,0.0,5.970
0.500,0.500,97.500,0.0,0.0,1.500
6.0,2.500,90.0,0.0,0.0,1.500
9.0,5.500,81.500,0.0,0.0,4.0
16.244,10.660,68.528,0.0,0.0,4.569
4.500,3.0,90.500,0.0,0.0,2.0
9.596,7.576,79.798,0.0,0.0,3.030
23.383,14.428,54.726,0.0,0.0,7.463
5.556,4.040,89.394,0.0,0.0,1.010
7.426,5.941,84.158,0.0,0.0,2.475
10.714,4.082,83.163,0.0,0.0,2.041
13.198,6.599,76.142,0.0,0.0,4.061
13.846,9.744,72.821,0.0,0.0,3.590
16.583,8.040,68.844,0.0,0.0,6.533
13.500,10.0,72.500,0.0,0.0,4.0
23.684,22.105,48.421,0.0,0.0,5.789
20.202,9.596,64.646,0.0,0.0,5.556
12.935,9.453,74.627,0.0,0.0,2.985
21.649,11.856,60.825,0.0,0.0,5.670
23.350,15.228,55.330,0.0,0.0,6.091
8.040,8.543,79.899,0.0,0.0,3.518
26.263,18.182,48.990,0.0,0.0,6.566
11.399,10.363,74.093,0.0,0.0,4.145
14.573,11.055,72.362,0.0,0.0,2.010
0.0,0.0,100.0,0.0,0.0,0.0
0.0,0.0,100.0,0.0,0.0,0.0
6.965,4.975,86.070,0.0,0.0,1.990
8.629,3.553,85.279,0.0,0.0,2.538
11.675,6.091,77.665,0.0,0.0,4.569
2.525,1.515,95.960,0.0,0.0,0.0
15.075,10.553,70.352,0.0,0.0,4.020
0.0,0.0,100.0,0.0,0.0,0.0
4.569,1.523,93.909,0.0,0.0,0.0
27.363,16.418,47.761,0.0,0.0,8.458
14.213,9.137,73.604,0.0,0.0,3.046
16.410,9.231,69.744,0.0,0.0,4.615
11.111,5.556,80.303,0.0,0.0,3.030
15.464,11.856,67.010,0.0,0.0,5.670
2.500,3.0,94.0,0.0,0.0,0.500
22.513,17.277,56.021,0.0,0.0,4.188
15.578,8.040,72.362,0.0,0.0,4.020
0.0,0.0,100.0,0.0,0.0,0.0
0.0,0.0,100.0,0.0,0.0,0.0
1.508,0.503,97.487,0.0,0.0,0.503
10.204,7.143,78.571,0.0,0.0,4.082
14.925,10.448,69.652,0.0,0.0,4.975
28.866,18.557,44.845,0.0,0.0,7.732
15.306,10.204,69.388,0.0,0.0,5.102
0.0,0.0,100.0,0.0,0.0,0.0
17.347,9.184,69.388,0.0,0.0,4.082
0.995,0.498,98.010,0.0,0.0,0.498
15.385,7.179,74.359,0.0,0.0,3.077
10.309,5.155,80.928,0.0,0.0,3.608
2.488,1.493,94.527,0.0,0.0,1.493
13.300,6.897,74.384,0.0,0.0,5.419
0.0,0.0,100.0,0.0,0.0,0.0
0.0,0.0,100.0,0.0,0.0,0.0
14.0,12.500,70.500,0.0,0.0,3.0
1.010,1.010,97.980,0.0,0.0,0.0
28.947,18.421,44.737,0.0,0.0,7.895
20.312,12.500,63.021,0.0,0.0,4.167
3.015,2.010,94.472,0.0,0.0,0.503
15.075,7.538,71.357,0.0,0.0,6.030
0.0,0.0,100.0,0.0,0.0,0.0
13.265,7.653,75.510,0.0,0.0,3.571
0.0,0.0,100.0,0.0,0.0,0.0
14.646,10.606,72.222,0.0,0.0,2.525
0.0,0.0,100.0,0.0,0.0,0.0
12.632,8.421,77.368,0.0,0.0,1.579
1.500,1.0,97.0,0.0,0.0,0.500
28.351,17.010,49.485,0.0,0.0,5.155
14.500,10.0,72.500,0.0,0.0,3.0
13.333,8.205,74.359,0.0,0.0,4.103
16.583,7.538,71.859,0.0,0.0,4.020
1.0,1.0,97.500,0.0,0.0,0.500
12.245,7.653,76.020,0.0,0.0,4.082
15.026,7.772,73.057,0.0,0.0,4.145
0.498,0.0,99.502,0.0,0.0,0.0
22.564,17.949,51.795,0.0,0.0,7.692
19.689,9.326,64.767,0.0,0.0,6.218
0.0,0.0,100.0,0.0,0.0,0.0
0.0,0.0,100.0,0.0,0.0,0.0
16.837,7.653,71.429,0.0,0.0,4.082
0.0,0.0,100.0,0.0,0.0,0.0
0.0,0.0,100.0,0.0,0.0,0.0
14.070,11.558,69.849,0.0,0.0,4.523
0.0,0.0,100.0,0.0,0.0,0.0
14.213,10.660,70.051,0.0,0.0,5.076
0.995,1.493,96.517,0.0,0.0,0.995
12.121,7.576,75.758,0.0,0.0,4.545
0.0,0.0,100.0,0.0,0.0,0.0
8.040,4.523,83.417,0.0,0.0,4.020
22.886,14.428,55.721,0.0,0.0,6.965
0.0,0.0,100.0,0.0,0.0,0.0
12.371,9.794,71.134,0.0,0.0,6.701
16.0,10.500,68.0,0.0,0.0,5.500
14.286,8.673,74.490,0.0,0.0,2.551
8.673,8.163,80.612,0.0,0.0,2.551
13.636,8.586,75.758,0.0,0.0,2.020
9.794,7.216,79.381,0.0,0.0,3.608
27.895,16.842,45.263,0.0,0.0,10.0
15.075,9.548,69.849,0.0,0.0,5.528
14.062,7.812,74.479,0.0,0.0,3.646
9.744,9.231,78.462,0.0,0.0,2.564
16.751,7.614,70.051,0.0,0.0,5.584
0.0,0.0,100.0,0.0,0.0,0.0
0.0,0.0,100.0,0.0,0.0,0.0
11.795,7.179,75.897,0.513,0.0,4.615
0.0,0.0,100.0,0.0,0.0,0.0
23.529,15.508,57.219,0.0,0.0,3.743
19.307,12.871,60.891,0.0,0.0,6.931
3.960,2.475,92.079,0.0,0.0,1.485
16.162,8.081,71.212,0.0,0.0,4.545
16.583,10.553,66.834,0.0,0.0,6.030
8.040,5.025,84.422,0.0,0.0,2.513
10.050,8.040,77.387,0.0,0.0,4.523
27.638,18.593,42.714,0.0,0.0,11.055
0.0,0.0,100.0,0.0,0.0,0.0
0.0,0.0,100.0,0.0,0.0,0.0
0.0,0.0,100.0,0.0,0.0,0.0
17.822,12.376,63.366,0.0,0.0,6.436
5.500,3.500,89.0,0.0,0.0,2.0
15.0,8.0,71.500,0.0,0.0,5.500
11.282,7.692,76.923,0.0,0.0,4.103
2.513,2.513,94.472,0.0,0.0,0.503
25.628,23.116,42.714,0.0,0.0,8.543
0.985,0.985,97.537,0.0,0.0,0.493
12.245,10.204,72.449,0.0,0.0,5.102
0.0,0.0,100.0,0.0,0.0,0.0
12.755,11.224,70.408,0.0,0.0,5.612
5.970,5.970,85.572,0.0,0.0,2.488
21.134,17.526,53.608,0.0,0.0,7.732
13.198,10.660,70.558,0.0,0.0,5.584
26.263,19.192,43.939,0.0,0.0,10.606
14.070,10.553,71.357,0.0,0.0,4.020
3.500,3.0,90.0,0.0,0.0,3.500
0.0,0.0,100.0,0.0,0.0,0.0
14.796,10.714,68.367,0.0,0.0,6.122
0.0,0.0,100.0,0.0,0.0,0.0
0.0,0.0,100.0,0.0,0.0,0.0
7.538,7.538,81.910,0.0,0.0,3.015
7.071,4.040,86.364,0.0,0.0,2.525
15.228,9.645,69.036,0.0,0.0,6.091
0.0,0.0,100.0,0.0,0.0,0.0
13.568,10.050,70.854,0.0,0.0,5.528
0.0,0.0,100.0,0.0,0.0,0.0
18.090,12.060,62.312,0.0,0.0,7.538
14.141,7.576,72.727,0.0,0.0,5.556
12.438,8.458,75.124,0.0,0.0,3.980
12.690,12.690,71.066,0.0,0.0,3.553
0.0,0.0,100.0,0.0,0.0,0.0
7.0,6.500,84.0,0.0,0.0,2.500
5.584,5.584,85.787,0.0,0.0,3.046
0.0,0.0,100.0,0.0,0.0,0.0
15.306,9.694,69.898,0.0,0.0,5.102
17.677,11.111,64.646,0.0,0.0,6.566
27.411,17.766,45.685,0.0,0.0,9.137
13.333,9.231,72.308,0.0,0.0,5.128
0.0,0.0,100.0,0.0,0.0,0.0
14.573,10.050,71.357,0.0,0.0,4.020
0.0,0.0,100.0,0.0,0.0,0.0
3.015,2.010,93.467,0.0,0.0,1.508
10.606,7.071,78.283,0.0,0.0,4.040
20.0,11.500,62.0,0.0,0.0,6.500
25.0,22.449,43.367,0.0,0.0,9.184
12.935,9.950,71.642,0.0,0.0,5.473
8.586,5.556,83.333,0.0,0.0,2.525
6.030,4.523,85.930,0.0,0.0,3.518
0.0,0.0,100.0,0.0,0.0,0.0
13.402,9.278,72.165,0.0,0.0,5.155
0.995,0.0,98.507,0.0,0.0,0.498
13.065,9.045,72.362,0.0,0.0,5.528
0.0,0.0,100.0,0.0,0.0,0.0
14.359,10.769,70.769,0.0,0.0,4.103
1.0,1.0,98.0,0.0,0.0,0.0
16.327,9.694,67.347,0.0,0.0,6.633
10.050,6.533,78.894,0.0,0.0,4.523
4.082,4.082,90.306,0.0,0.0,1.531
0.0,0.0,100.0,0.0,0.0,0.0
9.548,6.533,81.910,0.0,0.0,2.010
9.137,7.107,79.188,0.0,0.0,4.569
18.750,12.500,60.938,0.0,0.0,7.812
0.500,0.0,99.500,0.0,0.0,0.0
22.335,17.259,52.284,0.0,0.0,8.122
18.557,9.278,67.526,0.0,0.0,4.639
8.040,8.040,80.905,0.0,0.0,3.015
0.0,0.0,100.0,0.0,0.0,0.0
0.0,0.0,100.0,0.0,0.0,0.0
12.755,7.653,71.939,0.0,0.0,7.653
0.0,0.0,100.0,0.0,0.0,0.0
0.0,0.0,100.0,0.0,0.0,0.0
16.749,14.286,63.054,0.0,0.0,5.911
5.556,5.556,86.869,0.0,0.0,2.020
23.858,17.766,50.254,0.0,0.0,8.122
13.265,9.184,73.980,0.0,0.0,3.571
13.846,8.718,72.821,0.0,0.0,4.615
11.111,8.081,76.768,0.0,0.0,4.040
6.468,5.473,83.085,0.0,0.0,4.975
0.0,0.0,100.0,0.0,0.0,0.0
18.041,10.309,65.979,0.0,0.0,5.670
14.070,10.553,70.352,0.0,0.0,5.025
0.0,0.0,100.0,0.0,0.0,0.0
13.333,11.282,71.282,0.0,0.0,4.103
0.0,0.0,100.0,0.0,0.0,0.0
0.0,0.0,100.0,0.0,0.0,0.0
16.0,10.500,69.0,0.0,0.0,4.500
12.626,8.081,73.737,0.0,0.0,5.556
16.244,15.228,59.898,0.0,0.0,8.629
24.623,20.603,43.216,0.0,0.0,11.558
3.015,2.513,93.467,0.0,0.0,1.005
14.872,8.205,72.308,0.0,0.0,4.615
6.500,6.0,84.500,0.0,0.0,3.0
16.162,9.596,68.687,0.0,0.0,5.556
12.183,12.183,69.543,0.0,0.0,6.091
22.222,13.131,54.040,0.0,0.0,10.606
0.0,0.0,100.0,0.0,0.0,0.0
14.721,9.137,72.589,0.0,0.0,3.553
1.493,0.995,97.015,0.0,0.0,0.498
2.0,1.500,95.500,0.0,0.0,1.0
13.930,9.453,72.637,0.0,0.0,3.980
0.0,0.0,100.0,0.0,0.0,0.0
16.0,10.0,70.0,0.0,0.0,4.0
7.071,6.566,84.343,0.0,0.0,2.020
7.960,3.980,86.070,0.0,0.0,1.990
14.500,11.0,69.0,0.0,0.0,5.500
12.808,8.374,74.877,0.0,0.0,3.941
19.500,14.0,60.0,0.0,0.0,6.500
0.0,0.0,99.502,0.498,0.0,0.0
0.0,0.0,100.0,0.0,0.0,0.0
0.0,0.0,100.0,0.0,0.0,0.0
0.0,0.0,100.0,0.0,0.0,0.0
15.152,11.111,70.707,0.0,0.0,3.030
1.485,0.990,97.030,0.0,0.0,0.495
15.736,9.137,71.066,0.0,0.0,4.061
15.228,10.152,71.066,0.0,0.0,3.553
0.0,0.0,100.0,0.0,0.0,0.0
12.755,10.714,70.408,0.0,0.0,6.122
0.0,0.0,100.0,0.0,0.0,0.0
4.926,3.941,89.655,0.0,0.0,1.478
12.500,12.0,70.0,0.0,0.0,5.500
4.975,3.483,90.050,0.0,0.0,1.493
14.213,9.137,72.081,0.0,0.0,4.569
1.010,0.0,97.980,0.0,0.0,1.010
16.162,7.576,71.212,0.0,0.0,5.051
27.363,18.905,43.781,0.0,0.0,9.950
6.599,2.538,89.340,0.0,0.0,1.523
13.636,10.101,70.202,0.0,0.0,6.061
0.0,0.0,99.500,0.0,0.0,0.500
14.141,12.121,66.667,0.0,0.0,7.071
0.0,0.0,100.0,0.0,0.0,0.0
16.583,11.055,66.834,0.0,0.0,5.528
13.433,13.930,69.154,0.0,0.0,3.483
2.985,3.483,92.040,0.0,0.0,1.493
12.935,6.965,75.124,0.0,0.0,4.975
23.438,16.146,53.125,0.0,0.0,7.292
11.940,6.965,76.119,0.0,0.0,4.975
17.588,8.040,69.849,0.0,0.0,4.523
7.538,5.528,84.422,0.0,0.0,2.513
7.500,4.0,86.0,0.0,0.0,2.500
0.0,0.0,100.0,0.0,0.0,0.0
18.182,9.596,67.677,0.0,0.0,4.545
0.0,0.0,100.0,0.0,0.0,0.0
13.300,14.778,67.488,0.0,0.0,4.433
0.0,0.0,100.0,0.0,0.0,0.0
17.436,10.256,68.205,0.0,0.0,4.103
12.308,8.205,77.949,0.0,0.0,1.538
28.125,18.750,45.312,0.0,0.0,7.812
9.548,7.538,80.402,0.0,0.0,2.513
14.573,8.040,74.372,0.0,0.0,3.015
0.0,0.0,100.0,0.0,0.0,0.0
15.385,9.231,71.795,0.0,0.0,3.590
14.583,8.333,76.042,0.0,0.0,1.042
1.0,0.500,98.500,0.0,0.0,0.0
0.0,0.0,100.0,0.0,0.0,0.0
0.0,0.0,100.0,0.0,0.0,0.0
15.228,10.660,71.066,0.0,0.0,3.046
0.0,0.0,100.0,0.0,0.0,0.0
25.0,14.583,56.771,0.0,0.0,3.646
22.105,16.842,55.789,0.0,0.0,5.263
0.0,0.0,100.0,0.0,0.0,0.0
15.026,9.845,72.539,0.0,0.0,2.591
7.0,5.0,86.0,0.0,0.0,2.0
8.673,4.082,85.204,0.0,0.0,2.041
0.0,0.0,100.0,0.0,0.0,0.0
12.821,8.205,74.359,0.0,0.0,4.615
6.633,4.592,86.224,0.0,0.0,2.551
11.224,5.612,80.612,0.0,0.0,2.551
25.131,14.136,51.832,0.0,0.0,8.901
9.574,7.979,77.660,0.0,0.0,4.787
5.584,4.061,86.802,0.0,0.0,3.553
6.599,2.030,89.340,0.0,0.0,2.030
0.0,0.498,99.502,0.0,0.0,0.0
5.128,4.615,84.103,0.0,0.0,6.154
13.500,6.500,74.0,0.0,0.0,6.0
5.025,3.015,87.940,0.0,0.0,4.020
24.623,17.588,46.734,0.0,0.0,11.055
2.010,1.508,94.472,0.0,0.0,2.010
13.265,7.653,71.429,0.0,0.0,7.653
0.0,0.503,99.497,0.0,0.0,0.0
15.228,12.183,62.944,0.0,0.0,9.645
16.915,13.433,61.194,0.0,0.0,8.458
0.0,0.0,100.0,0.0,0.0,0.0
13.636,9.091,70.707,0.0,0.0,6.566
9.645,10.152,76.142,0.0,0.0,4.061
2.0,2.500,93.500,0.0,0.0,2.0
9.424,8.377,78.010,0.0,0.0,4.188
1.010,2.525,95.455,0.0,0.0,1.010
14.721,8.122,73.096,0.0,0.0,4.061
1.980,2.475,94.554,0.0,0.0,0.990
13.265,10.714,70.918,0.0,0.0,5.102
0.0,0.0,100.0,0.0,0.0,0.0
14.433,9.794,71.134,0.0,0.0,4.639
10.050,7.538,78.894,0.0,0.0,3.518
9.091,4.545,83.333,0.0,0.0,3.030
9.694,8.673,77.041,0.0,0.0,4.592
13.265,12.755,69.388,0.0,0.0,4.592
15.152,10.101,70.202,0.0,0.0,4.545
9.596,6.061,80.808,0.0,0.0,3.535
15.979,10.825,69.072,0.0,0.0,4.124
4.061,3.046,89.848,0.0,0.0,3.046
15.464,11.856,67.526,0.0,0.0,5.155
27.604,21.354,45.833,0.0,0.0,5.208
15.789,9.474,71.579,0.0,0.0,3.158
6.599,5.076,84.264,0.0,0.0,4.061
12.308,8.718,75.897,0.0,0.0,3.077
10.256,8.718,77.949,0.0,0.0,3.077
13.131,11.111,69.697,0.0,0.0,6.061
0.0,0.0,100.0,0.0,0.0,0.0
14.433,10.309,71.649,0.0,0.0,3.608
20.106,15.873,58.730,0.0,0.0,5.291
10.881,5.181,80.311,0.0,0.0,3.627
16.230,5.759,72.251,0.0,0.0,5.759
6.030,4.523,86.935,0.0,0.0,2.513
25.654,12.042,51.832,0.0,0.0,10.471
11.458,6.771,75.521,0.0,0.0,6.250
6.533,5.528,83.920,0.0,0.0,4.020
3.608,2.577,92.268,0.0,0.0,1.546
13.990,7.254,74.093,0.0,0.0,4.663
3.015,2.010,93.970,0.0,0.0,1.005
9.645,7.107,79.188,0.0,0.0,4.061
2.488,2.985,93.532,0.0,0.0,0.995
12.0,9.500,74.0,0.0,0.0,4.500
0.0,0.0,100.0,0.0,0.0,0.0
18.325,13.613,62.304,0.0,0.0,5.759
25.907,17.617,47.668,0.0,0.0,8.808
11.675,10.152,73.096,0.0,0.0,5.076
3.500,2.500,93.0,0.0,0.0,1.0
12.821,10.769,72.308,0.0,0.0,4.103
0.995,0.498,97.015,0.0,0.0,1.493
12.500,10.417,72.917,0.0,0.0,4.167
0.0,0.0,100.0,0.0,0.0,0.0
0.0,0.0,100.0,0.0,0.0,0.0
15.464,10.309,69.072,0.0,0.0,5.155
0.0,0.0,100.0,0.0,0.0,0.0
0.0,0.0,100.0,0.0,0.0,0.0
3.553,2.030,93.909,0.0,0.0,0.508
10.769,7.179,78.462,0.0,0.0,3.590
4.040,5.556,86.869,0.505,0.0,3.030
8.629,4.569,84.264,0.0,0.0,2.538
18.719,12.808,61.084,0.0,0.0,7.389
0.0,0.0,100.0,0.0,0.0,0.0
13.918,10.825,69.072,0.0,0.0,6.186
1.015,0.508,97.462,0.0,0.0,1.015
8.0,5.0,84.0,0.0,0.0,3.0
8.040,5.528,83.920,0.0,0.0,2.513
0.0,0.0,100.0,0.0,0.0,0.0
0.0,0.0,100.0,0.0,0.0,0.0
0.0,0.0,100.0,0.0,0.0,0.0
15.423,12.438,66.667,0.0,0.0,5.473
0.0,0.0,100.0,0.0,0.0,0.0
15.979,10.309,69.072,0.0,0.0,4.639
15.979,9.278,69.072,0.0,0.0,5.670
16.667,10.101,69.697,0.0,0.0,3.535
13.402,11.340,71.134,0.0,0.0,4.124
0.0,0.0,100.0,0.0,0.0,0.0
0.0,0.0,100.0,0.0,0.0,0.0
0.500,0.0,99.500,0.0,0.0,0.0
25.888,17.766,45.685,0.0,0.0,10.660
5.025,3.518,89.950,0.0,0.0,1.508
0.0,0.0,100.0,0.0,0.0,0.0
0.0,0.0,100.0,0.0,0.0,0.0
16.080,10.050,68.342,0.0,0.0,5.528
10.101,7.576,77.273,0.0,0.0,5.051
10.714,4.082,82.143,0.0,0.0,3.061
22.613,13.568,56.281,0.0,0.0,7.538
5.556,5.051,86.869,0.0,0.0,2.525
23.980,15.816,52.041,0.0,0.0,8.163
13.568,9.548,71.859,0.0,0.0,5.025
4.523,4.020,89.447,0.0,0.0,2.010
9.901,5.941,81.188,0.0,0.0,2.970
1.0,1.0,98.0,0.0,0.0,0.0
11.0,10.500,71.500,0.0,0.0,7.0
0.0,0.503,99.497,0.0,0.0,0.0
28.0,20.0,44.0,0.0,0.0,8.0
23.711,10.309,58.247,0.0,0.0,7.732
1.523,2.538,94.416,0.0,0.0,1.523
11.111,7.576,76.768,0.0,0.0,4.545
18.0,10.0,67.500,0.0,0.0,4.500
5.528,5.025,86.432,0.0,0.0,3.015
11.616,8.586,77.273,0.0,0.0,2.525
12.690,10.660,72.081,0.0,0.0,4.569
0.0,0.0,100.0,0.0,0.0,0.0
0.0,0.0,100.0,0.0,0.0,0.0
5.025,5.025,87.940,0.0,0.0,2.010
8.040,6.533,81.407,0.0,0.0,4.020
0.0,0.0,100.0,0.0,0.0,0.0
27.411,18.274,45.178,0.0,0.0,9.137
2.538,2.030,94.416,0.0,0.0,1.015
12.690,7.614,74.112,0.0,0.0,5.584
22.564,12.821,60.513,0.0,0.0,4.103
10.714,8.673,79.082,0.0,0.0,1.531
13.706,11.168,69.036,0.0,0.0,6.091
0.0,0.0,100.0,0.0,0.0,0.0
21.0,16.0,54.0,0.0,0.0,9.0
8.955,4.975,84.080,0.0,0.0,1.990
14.070,9.548,70.352,0.0,0.0,6.030
0.0,0.0,100.0,0.0,0.0,0.0
16.915,12.935,64.677,0.0,0.0,5.473
17.677,12.626,63.131,0.0,0.0,6.566
0.0,0.0,100.0,0.0,0.0,0.0
3.015,3.015,92.965,0.0,0.0,1.005
14.573,10.050,68.342,0.0,0.0,7.035
0.0,0.0,100.0,0.0,0.0,0.0
6.0,3.0,89.0,0.0,0.0,2.0
28.571,20.197,43.350,0.0,0.0,7.882
8.586,7.576,79.798,0.0,0.0,4.040
7.0,2.500,88.0,0.0,0.0,2.500
12.183,8.629,74.112,0.0,0.0,5.076
13.636,9.596,70.707,0.0,0.0,6.061
6.030,4.523,87.437,0.0,0.0,2.010
9.548,8.040,77.889,0.0,0.0,4.523
3.030,2.020,94.444,0.0,0.0,0.505
8.955,9.453,77.114,0.0,0.0,4.478
23.711,22.165,43.299,0.0,0.0,10.825
19.898,11.224,62.755,0.0,0.0,6.122
0.0,0.0,100.0,0.0,0.0,0.0
5.025,3.015,90.955,0.0,0.0,1.005
10.606,7.576,79.293,0.505,0.0,2.020
0.0,0.0,100.0,0.0,0.0,0.0
5.500,2.500,88.500,0.0,0.0,3.500
9.091,6.566,79.293,0.0,0.0,5.051
8.416,4.455,84.158,0.0,0.0,2.970
7.500,4.500,85.0,0.0,0.0,3.0
13.065,7.538,75.377,0.0,0.0,4.020
19.0,12.0,62.500,0.0,0.0,6.500
15.736,9.645,70.051,0.0,0.0,4.569
0.0,0.0,100.0,0.0,0.0,0.0
12.245,11.224,70.408,0.0,0.0,6.122
0.0,0.0,100.0,0.0,0.0,0.0
4.569,1.523,89.848,0.0,0.0,4.061
9.500,7.0,80.0,0.0,0.0,3.500
16.244,10.152,65.990,0.0,0.0,7.614
7.463,4.478,85.572,0.0,0.0,2.488
10.500,5.500,81.500,0.0,0.0,2.500
15.897,8.718,68.718,0.0,0.0,6.667
0.0,0.0,100.0,0.0,0.0,0.0
0.0,0.0,100.0,0.0,0.0,0.0
14.141,9.091,70.707,0.0,0.0,6.061
0.0,0.498,99.502,0.0,0.0,0.0
0.0,0.0,100.0,0.0,0.0,0.0
16.410,7.692,72.308,0.0,0.0,3.590
0.0,0.0,100.0,0.0,0.0,0.0
0.0,0.500,99.500,0.0,0.0,0.0
17.172,9.091,69.192,0.0,0.0,4.545
14.070,9.045,71.859,0.0,0.0,5.025
0.0,0.0,100.0,0.0,0.0,0.0
13.930,9.453,70.647,0.0,0.0,5.970
0.0,0.0,100.0,0.0,0.0,0.0
0.0,0.0,100.0,0.0,0.0,0.0
11.558,9.045,73.367,0.0,0.0,6.030
1.500,0.500,97.500,0.0,0.0,0.500
0.0,0.0,100.0,0.0,0.0,0.0
9.794,8.763,78.351,0.0,0.0,3.093
17.910,13.433,61.692,0.0,0.0,6.965
0.0,0.0,100.0,0.0,0.0,0.0
12.183,11.675,70.051,0.0,0.0,6.091
0.0,0.0,100.0,0.0,0.0,0.0
12.563,9.045,72.362,0.0,0.0,6.030
1.005,1.005,97.990,0.0,0.0,0.0
7.035,4.020,86.935,0.0,0.0,2.010
18.500,15.0,58.0,0.0,0.0,8.500
19.307,11.386,63.366,0.0,0.0,5.941
28.272,16.754,45.550,0.0,0.0,9.424
2.020,1.515,94.949,0.0,0.0,1.515
17.073,11.707,65.366,0.0,0.0,5.854
17.766,11.168,65.482,0.0,0.0,5.584
0.0,0.0,100.0,0.0,0.0,0.0
13.065,11.055,70.352,0.0,0.0,5.528
0.0,0.0,100.0,0.0,0.0,0.0
0.0,0.0,100.0,0.0,0.0,0.0
0.0,0.0,100.0,0.0,0.0,0.0
0.0,0.0,100.0,0.0,0.0,0.0
7.500,4.500,86.0,0.0,0.0,2.0
6.091,4.569,86.294,0.0,0.0,3.046
16.667,8.081,71.212,0.0,0.0,4.040
7.614,4.569,86.294,0.0,0.0,1.523
6.897,5.419,84.236,0.0,0.0,3.448
4.523,3.518,89.950,0.0,0.0,2.010
28.125,17.708,45.312,0.0,0.0,8.854
13.568,10.553,70.352,0.0,0.0,5.528
13.500,10.0,70.500,0.0,0.0,6.0
5.076,4.569,88.832,0.0,0.0,1.523
7.921,4.950,83.663,0.0,0.0,3.465
0.0,0.0,100.0,0.0,0.0,0.0
15.736,12.183,66.497,0.0,0.0,5.584
0.498,0.0,99.502,0.0,0.0,0.0
13.333,9.231,72.821,0.0,0.0,4.615
12.626,13.131,69.192,0.0,0.0,5.051
14.359,10.256,71.795,0.0,0.0,3.590
16.667,12.500,65.104,0.0,0.0,5.729
11.675,10.152,75.127,0.0,0.0,3.046
0.0,0.0,100.0,0.0,0.0,0.0
2.970,1.980,94.554,0.0,0.0,0.495
12.121,9.091,74.242,0.0,0.0,4.545
0.0,0.0,100.0,0.0,0.0,0.0
0.0,0.0,100.0,0.0,0.0,0.0
0.503,0.0,99.497,0.0,0.0,0.0
13.706,10.660,71.574,0.0,0.0,4.061
0.0,0.0,100.0,0.0,0.0,0.0
0.0,0.0,100.0,0.0,0.0,0.0
5.025,2.513,92.462,0.0,0.0,0.0
9.744,6.154,81.026,0.0,0.0,3.077
0.500,0.500,99.0,0.0,0.0,0.0
0.0,0.0,100.0,0.0,0.0,0.0
15.075,9.045,70.352,0.0,0.0,5.528
0.0,0.0,100.0,0.0,0.0,0.0
6.030,3.518,87.437,0.0,0.0,3.015
12.060,5.025,80.905,0.0,0.0,2.010
0.0,0.0,100.0,0.0,0.0,0.0
14.796,9.694,70.408,0.0,0.0,5.102
0.0,0.0,100.0,0.0,0.0,0.0
12.376,7.426,77.723,0.0,0.0,2.475
3.030,2.525,92.929,0.0,0.0,1.515
0.0,0.0,100.0,0.0,0.0,0.0
0.500,0.0,99.0,0.0,0.0,0.500
11.795,9.744,73.333,0.0,0.0,5.128
0.0,0.0,100.0,0.0,0.0,0.0
0.0,0.498,99.502,0.0,0.0,0.0
2.030,1.523,94.416,0.0,0.0,2.030
13.930,11.443,71.642,0.0,0.0,2.985
19.271,11.979,64.062,0.0,0.0,4.688
0.0,0.0,100.0,0.0,0.0,0.0
19.704,11.823,62.069,0.0,0.0,6.404
12.500,7.500,75.500,0.0,0.0,4.500
16.667,13.725,62.255,0.0,0.0,7.353
17.588,8.543,68.342,0.0,0.0,5.528
0.0,0.0,100.0,0.0,0.0,0.0
13.861,9.901,71.782,0.0,0.0,4.455
0.0,0.0,100.0,0.0,0.0,0.0
14.573,11.055,70.352,0.0,0.0,4.020
0.0,0.0,100.0,0.0,0.0,0.0
15.075,10.553,71.357,0.0,0.0,3.015
1.0,2.500,95.500,0.0,0.0,1.0
15.075,8.040,69.849,0.0,0.0,7.035
0.0,0.0,100.0,0.0,0.0,0.0
26.804,16.495,46.907,0.0,0.0,9.794
17.500,14.500,63.0,0.0,0.0,5.0
2.488,0.995,96.517,0.0,0.0,0.0
18.557,8.247,68.557,0.0,0.0,4.639
0.0,0.0,100.0,0.0,0.0,0.0
6.468,4.478,87.065,0.0,0.0,1.990
8.586,6.061,83.838,0.0,0.0,1.515
7.538,9.548,80.905,0.0,0.0,2.010
9.500,3.500,84.0,0.0,0.0,3.0
0.0,0.0,100.0,0.0,0.0,0.0
0.500,0.0,99.0,0.0,0.0,0.500
14.646,10.606,69.192,0.0,0.0,5.556
19.797,15.228,58.376,0.0,0.0,6.599
8.955,6.468,82.090,0.0,0.0,2.488
14.286,10.204,69.898,0.0,0.0,5.612
0.0,0.0,100.0,0.0,0.0,0.0
16.667,10.101,68.182,0.0,0.0,5.051
13.065,12.060,69.347,0.0,0.0,5.528
8.416,10.396,77.723,0.0,0.0,3.465
16.583,12.563,64.824,0.0,0.0,6.030
11.443,6.965,77.612,0.0,0.0,3.980
27.320,19.072,42.784,0.0,0.0,10.825
23.590,11.795,56.923,0.0,0.0,7.692
16.915,12.438,64.179,0.0,0.0,6.468
0.0,0.0,100.0,0.0,0.0,0.0
17.436,11.282,66.667,0.0,0.0,4.615
14.070,7.538,74.874,0.0,0.0,3.518
13.568,12.563,69.347,0.0,0.0,4.523
0.500,0.500,99.0,0.0,0.0,0.0
16.837,13.265,64.796,0.0,0.0,5.102
27.604,18.229,46.354,0.0,0.0,7.812
0.0,0.500,99.500,0.0,0.0,0.0
22.111,18.090,51.256,0.0,0.0,8.543
3.015,3.015,92.462,0.0,0.0,1.508
0.0,0.0,100.0,0.0,0.0,0.0
0.0,0.0,100.0,0.0,0.0,0.0
0.0,0.0,100.0,0.0,0.0,0.0
12.563,10.553,70.854,0.503,0.0,5.528
0.0,0.0,100.0,0.0,0.0,0.0
13.861,13.861,67.822,0.0,0.0,4.455
0.0,0.0,100.0,0.0,0.0,0.0
27.723,19.802,45.050,0.0,0.0,7.426
5.051,2.525,91.414,0.0,0.0,1.010
0.0,0.0,100.0,0.0,0.0,0.0
0.0,0.0,100.0,0.0,0.0,0.0
0.0,0.0,100.0,0.0,0.0,0.0
0.0,0.0,100.0,0.0,0.0,0.0
0.500,0.0,99.500,0.0,0.0,0.0
14.500,11.0,68.0,0.0,0.0,6.500
0.0,0.0,100.0,0.0,0.0,0.0
0.0,0.0,100.0,0.0,0.0,0.0
13.065,8.040,74.372,0.0,0.0,4.523
16.667,11.111,67.677,0.0,0.0,4.545
0.0,0.0,100.0,0.0,0.0,0.0
15.075,11.558,68.342,0.0,0.0,5.025
1.508,1.005,97.487,0.0,0.0,0.0
13.846,8.205,73.846,0.0,0.0,4.103
5.473,4.478,87.562,0.0,0.0,2.488
25.258,13.402,52.577,0.0,0.0,8.763
30.500,16.500,45.500,0.0,0.0,7.500
27.778,20.202,40.404,0.0,0.0,11.616
21.429,15.306,54.082,0.0,0.0,9.184
15.228,9.645,71.574,0.0,0.0,3.553
14.359,10.256,68.718,0.0,0.0,6.667
7.0,4.0,87.0,0.0,0.0,2.0
10.345,7.882,77.833,0.0,0.0,3.941
23.980,18.367,48.469,0.0,0.0,9.184
4.545,2.020,92.424,0.0,0.0,1.010
15.578,13.065,64.824,0.0,0.0,6.533
0.0,0.0,100.0,0.0,0.0,0.0
14.070,10.050,72.362,0.0,0.0,3.518
0.0,0.0,100.0,0.0,0.0,0.0
2.538,4.569,92.386,0.0,0.0,0.508
13.636,6.061,76.263,0.0,0.0,4.040
0.0,0.0,100.0,0.0,0.0,0.0
15.464,9.278,71.134,0.0,0.0,4.124
8.0,11.500,77.0,0.0,0.0,3.500
15.816,9.184,70.918,0.0,0.0,4.082
4.523,1.508,92.462,0.0,0.0,1.508
0.0,0.0,100.0,0.0,0.0,0.0
17.822,14.851,59.901,0.0,0.0,7.426
13.131,7.576,76.263,0.0,0.0,3.030
12.626,10.101,72.727,0.0,0.0,4.545
12.690,6.091,77.157,0.0,0.0,4.061
4.061,1.523,94.416,0.0,0.0,0.0
15.152,10.606,69.192,0.0,0.0,5.051
0.0,0.0,100.0,0.0,0.0,0.0
1.500,0.500,97.0,0.0,0.0,1.0
30.412,15.979,43.814,0.0,0.0,9.794
16.667,13.542,63.021,0.0,0.0,6.771
0.0,0.500,99.0,0.0,0.0,0.500
0.0,0.0,100.0,0.0,0.0,0.0
15.897,10.256,70.769,0.0,0.0,3.077
8.458,8.955,78.109,0.0,0.0,4.478
12.245,7.143,76.531,0.0,0.0,4.082
7.143,4.592,86.735,0.0,0.0,1.531
13.990,10.363,69.948,0.0,0.0,5.699
11.111,8.586,76.263,0.0,0.0,4.040
18.229,9.375,64.062,0.0,0.0,8.333
0.0,0.503,99.497,0.0,0.0,0.0
0.0,0.0,100.0,0.0,0.0,0.0
0.0,0.0,100.0,0.0,0.0,0.0
0.0,0.0,100.0,0.0,0.0,0.0
0.0,0.0,100.0,0.0,0.0,0.0
0.0,0.0,100.0,0.0,0.0,0.0
0.0,0.0,100.0,0.0,0.0,0.0
0.0,0.0,100.0,0.0,0.0,0.0
0.0,0.0,100.0,0.0,0.0,0.0
0.0,0.0,100.0,0.0,0.0,0.0
0.0,0.0,100.0,0.0,0.0,0.0
0.0,0.0,100.0,0.0,0.0,0.0
0.0,0.0,100.0,0.0,0.0,0.0
0.0,0.0,100.0,0.0,0.0,0.0
0.500,0.0,99.500,0.0,0.0,0.0
0.0,0.0,100.0,0.0,0.0,0.0
0.0,0.0,100.0,0.0,0.0,0.0
0.0,0.0,100.0,0.0,0.0,0.0
0.0,0.0,100.0,0.0,0.0,0.0
0.0,0.0,100.0,0.0,0.0,0.0
0.0,0.0,100.0,0.0,0.0,0.0
0.0,0.0,100.0,0.0,0.0,0.0
0.0,0.0,100.0,0.0,0.0,0.0
0.0,0.0,100.0,0.0,0.0,0.0
0.0,0.0,100.0,0.0,0.0,0.0
0.0,0.0,100.0,0.0,0.0,0.0
0.0,0.0,100.0,0.0,0.0,0.0
0.0,0.0,100.0,0.0,0.0,0.0
0.0,0.0,100.0,0.0,0.0,0.0
0.503,0.0,99.497,0.0,0.0,0.0
0.0,0.0,100.0,0.0,0.0,0.0
0.0,0.0,100.0,0.0,0.0,0.0
0.0,0.0,100.0,0.0,0.0,0.0
0.0,0.0,100.0,0.0,0.0,0.0
0.0,0.0,100.0,0.0,0.0,0.0
0.0,0.0,100.0,0.0,0.0,0.0
0.0,0.0,100.0,0.0,0.0,0.0
0.0,0.0,100.0,0.0,0.0,0.0
0.0,0.0,100.0,0.0,0.0,0.0
0.0,0.0,99.500,0.500,0.0,0.0
0.0,0.0,100.0,0.0,0.0,0.0
0.0,0.0,100.0,0.0,0.0,0.0
0.0,0.0,100.0,0.0,0.0,0.0
0.0,0.0,100.0,0.0,0.0,0.0
0.0,0.0,100.0,0.0,0.0,0.0
0.0,0.0,100.0,0.0,0.0,0.0
0.0,0.0,100.0,0.0,0.0,0.0
0.0,0.0,100.0,0.0,0.0,0.0
0.0,0.0,100.0,0.0,0.0,0.0
0.0,0.0,100.0,0.0,0.0,0.0
0.0,0.0,100.0,0.0,0.0,0.0
0.0,0.0,100.0,0.0,0.0,0.0
0.0,0.0,100.0,0.0,0.0,0.0
0.0,0.0,100.0,0.0,0.0,0.0
0.0,0.0,100.0,0.0,0.0,0.0
0.0,0.0,100.0,0.0,0.0,0.0
0.0,0.0,100.0,0.0,0.0,0.0
0.0,0.0,100.0,0.0,0.0,0.0
0.0,0.0,100.0,0.0,0.0,0.0
0.0,0.0,100.0,0.0,0.0,0.0


"Host:","Servidor",,,,"User:","root"
"Cmdline:","dstat -c --output dstat2.txt",,,,"Date:","14 May 2018 16:54:34 UTC"

"total cpu usage",,,,,
"usr","sys","idl","wai","hiq","siq"
5.885,3.881,88.450,0.036,0.0,1.747
0.0,0.0,100.0,0.0,0.0,0.0
0.0,0.0,100.0,0.0,0.0,0.0
0.0,0.0,100.0,0.0,0.0,0.0
0.0,0.0,100.0,0.0,0.0,0.0
67.839,8.543,21.608,0.0,0.0,2.010
75.127,15.736,4.061,0.0,0.0,5.076
65.979,15.979,12.371,0.0,0.0,5.670
60.204,18.878,12.245,0.0,0.0,8.673
56.566,18.687,16.162,0.0,0.0,8.586
64.322,19.095,8.040,0.0,0.0,8.543
68.020,16.751,7.614,0.0,0.0,7.614
64.824,23.618,4.523,0.0,0.0,7.035
62.814,20.603,8.543,0.0,0.0,8.040
52.709,20.690,18.719,0.0,0.0,7.882
61.735,17.857,10.714,0.0,0.0,9.694
62.626,19.192,9.596,0.0,0.0,8.586
68.0,18.500,4.500,0.0,0.0,9.0
64.646,20.202,5.556,0.0,0.0,9.596
55.385,20.513,13.846,0.0,0.0,10.256
38.693,21.608,33.166,0.0,0.0,6.533
32.323,16.667,41.414,0.0,0.0,9.596
33.673,18.878,38.265,0.0,0.0,9.184
28.497,22.280,40.415,0.0,0.0,8.808
29.016,20.207,40.933,0.0,0.0,9.845
26.562,20.833,42.188,0.0,0.0,10.417
28.351,21.649,39.691,0.0,0.0,10.309
28.788,20.202,40.404,0.0,0.0,10.606
29.851,19.403,40.299,0.0,0.0,10.448
30.208,17.708,41.667,0.0,0.0,10.417
29.798,21.212,37.879,0.0,0.0,11.111
30.688,17.989,38.624,0.0,0.0,12.698
28.856,20.398,42.289,0.0,0.0,8.458
28.141,21.608,39.196,0.0,0.0,11.055
31.282,21.026,40.513,0.0,0.0,7.179
33.168,19.307,39.109,0.0,0.0,8.416
28.856,19.403,40.796,0.0,0.0,10.945
28.061,20.918,40.306,0.0,0.0,10.714
29.798,19.697,40.404,0.0,0.0,10.101
30.457,21.320,41.624,0.0,0.0,6.599
25.758,23.232,40.909,0.0,0.0,10.101
30.500,20.500,40.0,0.0,0.0,9.0
26.500,21.0,40.0,0.0,0.0,12.500
31.053,18.947,42.105,0.0,0.0,7.895
29.126,21.845,38.350,0.0,0.0,10.680
27.136,22.111,40.704,0.0,0.0,10.050
29.381,20.103,40.206,0.0,0.0,10.309
31.606,19.171,40.415,0.0,0.0,8.808
30.198,18.812,40.594,0.0,0.0,10.396
29.189,19.459,42.162,0.0,0.0,9.189
29.442,21.320,41.117,0.0,0.0,8.122
29.442,20.305,39.594,0.0,0.0,10.660
30.0,21.0,39.0,0.0,0.0,10.0
33.679,18.653,38.860,0.0,0.0,8.808
29.442,19.289,39.594,0.0,0.0,11.675
23.881,23.881,39.801,0.0,0.0,12.438
27.638,23.618,40.201,0.0,0.0,8.543
28.718,20.0,40.0,0.0,0.0,11.282
29.381,19.072,42.268,0.0,0.0,9.278
28.283,19.697,41.919,0.0,0.0,10.101
29.949,19.289,41.117,0.0,0.0,9.645
26.633,24.121,40.704,0.0,0.0,8.543
30.412,20.103,40.206,0.0,0.0,9.278
28.643,22.111,41.206,0.0,0.0,8.040
27.273,20.707,39.899,0.0,0.0,12.121
31.0,19.0,40.0,0.0,0.0,10.0
26.943,21.244,41.451,0.0,0.0,10.363
29.146,21.106,40.704,0.0,0.0,9.045
27.179,22.564,38.462,0.0,0.0,11.795
25.128,23.590,40.513,0.0,0.0,10.769
27.179,25.128,38.974,0.0,0.0,8.718
26.633,23.116,40.201,0.0,0.0,10.050
29.0,22.0,38.500,0.0,0.0,10.500
32.487,17.766,40.609,0.0,0.0,9.137
29.843,21.466,40.838,0.0,0.0,7.853
28.856,20.896,39.303,0.0,0.0,10.945
28.713,22.277,40.099,0.0,0.0,8.911
29.949,20.812,40.102,0.0,0.0,9.137
29.167,22.917,41.667,0.0,0.0,6.250
30.102,19.898,40.306,0.0,0.0,9.694
29.851,17.413,41.791,0.0,0.0,10.945
28.500,21.0,42.0,0.0,0.0,8.500
29.0,21.500,41.500,0.0,0.0,8.0
30.457,19.797,41.624,0.0,0.0,8.122
25.500,22.0,41.0,0.0,0.0,11.500
31.863,21.569,38.235,0.0,0.0,8.333
31.683,19.802,39.109,0.0,0.0,9.406
28.877,17.112,44.385,0.0,0.0,9.626
27.136,20.101,42.714,0.0,0.0,10.050
29.268,22.439,38.537,0.0,0.0,9.756
31.282,20.513,38.462,0.0,0.0,9.744
29.630,21.693,40.212,0.0,0.0,8.466
27.717,22.283,43.478,0.0,0.0,6.522
30.412,19.588,39.175,0.0,0.0,10.825
29.570,23.118,40.860,0.0,0.0,6.452
29.146,20.603,40.201,0.0,0.0,10.050
31.016,18.717,41.711,0.0,0.0,8.556
29.353,21.393,40.796,0.0,0.0,8.458
27.749,16.754,43.979,0.0,0.0,11.518
28.497,20.725,41.969,0.0,0.0,8.808
33.333,19.192,38.889,0.0,0.0,8.586
26.702,17.277,43.979,0.0,0.0,12.042
26.667,19.487,43.077,0.0,0.0,10.769
31.122,17.347,41.837,0.0,0.0,9.694
25.758,22.222,41.919,0.0,0.0,10.101
30.612,16.837,41.327,0.0,0.0,11.224
28.718,18.974,41.026,0.0,0.0,11.282
29.897,17.526,43.299,0.0,0.0,9.278
27.919,19.797,42.640,0.0,0.0,9.645
32.461,17.801,41.885,0.0,0.0,7.853
27.919,18.782,42.132,0.0,0.0,11.168
30.412,18.557,41.753,0.0,0.0,9.278
23.350,24.365,42.640,0.0,0.0,9.645
27.500,20.500,40.500,0.0,0.0,11.500
28.500,21.0,40.500,0.0,0.0,10.0
26.904,21.320,42.132,0.0,0.0,9.645
29.231,20.0,42.051,0.0,0.0,8.718
26.531,23.980,41.327,0.0,0.0,8.163
26.804,20.619,43.299,0.0,0.0,9.278
30.570,19.171,41.451,0.0,0.0,8.808
28.061,21.939,41.837,0.0,0.0,8.163
28.351,21.649,41.753,0.0,0.0,8.247
29.798,20.202,40.909,0.0,0.0,9.091
26.702,19.372,41.885,0.0,0.0,12.042
28.0,19.500,40.0,0.0,0.0,12.500
27.778,21.212,40.404,0.0,0.0,10.606
27.500,22.500,40.500,0.0,0.0,9.500
27.368,18.421,43.158,0.0,0.0,11.053
27.273,23.232,39.899,0.0,0.0,9.596
29.167,20.312,39.583,0.0,0.0,10.938
30.102,19.898,39.286,0.0,0.0,10.714
25.773,24.742,40.206,0.0,0.0,9.278
28.497,19.689,41.969,0.0,0.0,9.845
26.316,22.105,43.158,0.0,0.0,8.421
29.381,18.041,43.299,0.0,0.0,9.278
28.283,18.687,40.909,0.0,0.0,12.121
24.365,23.858,42.640,0.0,0.0,9.137
31.122,19.898,40.816,0.0,0.0,8.163
29.048,18.571,39.524,0.0,0.0,12.857
26.562,22.396,43.750,0.0,0.0,7.292
29.016,18.653,42.487,0.0,0.0,9.845
26.866,22.388,41.791,0.0,0.0,8.955
28.856,20.398,41.791,0.0,0.0,8.955
29.231,16.923,42.051,0.0,0.0,11.795
31.343,20.398,40.796,0.0,0.0,7.463
28.358,19.900,39.801,0.0,0.0,11.940
28.205,20.513,42.564,0.0,0.0,8.718
30.846,22.886,37.313,0.0,0.0,8.955
32.500,20.0,39.0,0.0,0.0,8.500
27.500,23.0,40.0,0.0,0.0,9.500
29.442,19.289,41.624,0.0,0.0,9.645
27.586,22.167,40.394,0.0,0.0,9.852
27.320,21.134,41.237,0.0,0.0,10.309
24.615,22.564,43.077,0.0,0.0,9.744
26.396,22.843,41.117,0.0,0.0,9.645
23.858,25.888,40.102,0.0,0.0,10.152
29.293,21.212,39.899,0.0,0.0,9.596
31.527,22.167,38.424,0.0,0.0,7.882
28.718,22.564,40.0,0.0,0.0,8.718
28.079,25.616,38.424,0.0,0.0,7.882
31.156,21.608,39.196,0.0,0.0,8.040
29.612,21.359,39.320,0.0,0.0,9.709
28.155,23.301,39.320,0.0,0.0,9.223
27.751,22.488,37.799,0.0,0.0,11.962
29.557,22.167,39.409,0.0,0.0,8.867
29.0,21.500,40.0,0.0,0.0,9.500
28.358,23.383,39.303,0.0,0.0,8.955
29.902,21.078,37.745,0.0,0.0,11.275
29.146,22.111,40.704,0.0,0.0,8.040
28.205,21.026,41.538,0.0,0.0,9.231
28.641,22.330,38.350,0.0,0.0,10.680
29.534,17.098,41.969,0.0,0.0,11.399
26.154,21.026,42.051,0.0,0.0,10.769
29.064,19.704,41.872,0.0,0.0,9.360
28.141,20.603,41.206,0.0,0.0,10.050
27.461,22.280,41.969,0.0,0.0,8.290
31.313,19.697,39.899,0.0,0.0,9.091
29.949,20.305,38.579,0.0,0.0,11.168
30.645,19.355,40.323,0.0,0.0,9.677
27.778,21.212,39.394,0.0,0.0,11.616
28.141,24.121,38.693,0.0,0.0,9.045
28.0,21.500,40.500,0.0,0.0,10.0
26.804,21.134,41.753,0.0,0.0,10.309
25.0,23.500,37.500,0.0,0.0,14.0
26.866,21.891,38.806,0.0,0.0,12.438
23.980,25.0,41.327,0.0,0.0,9.694
25.0,24.490,41.837,0.0,0.0,8.673
27.807,18.717,42.781,0.0,0.0,10.695
35.859,20.202,34.848,0.0,0.0,9.091
28.125,19.792,40.625,0.0,0.0,11.458
27.778,19.192,40.404,0.0,0.0,12.626
28.718,22.564,39.487,0.0,0.0,9.231
26.203,20.856,43.316,0.0,0.0,9.626
27.778,19.444,43.333,0.0,0.0,9.444
29.319,20.419,42.932,0.0,0.0,7.330
29.348,16.848,44.022,0.0,0.0,9.783
27.419,19.892,44.086,0.0,0.0,8.602
26.154,23.590,43.077,0.0,0.0,7.179
27.895,21.053,42.632,0.0,0.0,8.421
28.723,20.745,42.553,0.0,0.0,7.979
31.053,14.211,42.632,0.0,0.0,12.105
28.415,19.126,45.355,0.0,0.0,7.104
29.016,20.207,42.487,0.0,0.0,8.290
27.083,20.312,43.229,0.0,0.0,9.375
29.146,20.603,41.709,0.0,0.0,8.543
26.500,22.500,42.0,0.0,0.0,9.0
28.061,17.347,42.857,0.0,0.0,11.735
25.758,20.202,41.919,0.0,0.0,12.121
26.289,20.619,40.206,0.0,0.0,12.887
27.586,20.690,39.901,0.0,0.0,11.823
25.0,21.0,40.500,0.0,0.0,13.500
23.980,18.367,43.878,0.0,0.0,13.776
24.607,23.560,41.361,0.0,0.0,10.471
26.904,20.305,42.132,0.0,0.0,10.660
28.351,19.588,43.299,0.0,0.0,8.763
28.500,19.500,40.0,0.0,0.0,12.0
29.500,20.0,40.0,0.0,0.0,10.500
28.571,21.939,40.306,0.0,0.0,9.184
29.843,22.513,42.408,0.0,0.0,5.236
27.957,23.118,44.086,0.0,0.0,4.839
30.0,23.158,43.158,0.0,0.0,3.684
30.526,22.105,43.684,0.0,0.0,3.684
27.128,21.277,45.213,0.0,0.0,6.383
27.568,21.081,44.324,0.0,0.0,7.027
30.928,19.588,41.753,0.0,0.0,7.732
29.843,19.372,44.503,0.0,0.0,6.283
29.101,19.577,46.032,0.0,0.0,5.291
28.856,22.886,40.796,0.0,0.0,7.463
28.283,19.192,43.939,0.0,0.0,8.586
28.061,19.898,43.367,0.0,0.0,8.673
25.789,20.0,44.211,0.0,0.0,10.0
26.500,20.0,42.0,0.0,0.0,11.500
25.0,20.918,43.878,0.0,0.0,10.204
28.856,20.896,41.791,0.0,0.0,8.458
28.571,19.898,42.857,0.0,0.0,8.673
27.692,21.026,42.051,0.0,0.0,9.231
30.151,18.090,40.704,0.0,0.0,11.055
28.788,20.707,41.919,0.0,0.0,8.586
29.082,18.878,41.327,0.0,0.0,10.714
29.442,17.766,42.132,0.0,0.0,10.660
27.638,20.603,40.704,0.0,0.0,11.055
27.670,21.845,39.320,0.0,0.0,11.165
27.411,22.843,41.624,0.0,0.0,8.122
30.151,20.603,38.191,0.0,0.0,11.055
33.161,18.653,40.933,0.0,0.0,7.254
27.317,22.439,41.951,0.0,0.0,8.293
26.0,20.0,43.500,0.0,0.0,10.500
31.188,20.297,40.594,0.0,0.0,7.921
27.805,22.439,40.488,0.0,0.0,9.268
28.856,20.896,41.791,0.0,0.0,8.458
30.808,16.667,42.424,0.0,0.0,10.101
28.500,21.0,41.500,0.0,0.0,9.0
24.242,20.707,44.444,0.0,0.0,10.606
26.263,22.727,42.929,0.0,0.0,8.081
29.146,20.101,42.211,0.0,0.0,8.543
27.411,21.320,42.132,0.0,0.0,9.137
29.412,22.549,39.706,0.0,0.0,8.333
30.964,19.797,39.086,0.0,0.0,10.152
26.904,21.320,41.624,0.0,0.0,10.152
29.146,21.106,41.709,0.0,0.0,8.040
28.502,23.188,38.647,0.0,0.0,9.662
26.961,23.039,40.686,0.0,0.0,9.314
27.320,21.649,42.268,0.0,0.0,8.763
26.455,24.868,41.270,0.0,0.0,7.407
28.856,19.403,41.791,0.0,0.0,9.950
29.648,21.608,41.709,0.0,0.0,7.035
26.904,18.782,42.132,0.0,0.0,12.183
28.141,23.116,39.196,0.0,0.0,9.548
26.425,20.725,44.041,0.0,0.0,8.808
25.641,21.026,42.564,0.513,0.0,10.256
29.534,19.689,41.969,0.0,0.0,8.808
27.041,22.449,41.837,0.0,0.0,8.673
28.426,21.320,41.117,0.0,0.0,9.137
26.904,20.305,40.609,0.0,0.0,12.183
30.612,19.388,41.327,0.0,0.0,8.673
30.570,19.689,42.487,0.0,0.0,7.254
28.934,20.305,41.117,0.0,0.0,9.645
30.412,20.103,42.268,0.0,0.0,7.216
30.412,17.526,43.299,0.0,0.0,8.763
27.778,20.707,42.424,0.0,0.0,9.091
26.733,21.782,42.079,0.0,0.0,9.406
28.934,19.797,42.132,0.0,0.0,9.137
29.949,17.766,41.624,0.0,0.0,10.660
25.654,21.466,44.503,0.0,0.0,8.377
26.368,21.393,40.796,0.0,0.0,11.443
29.744,18.462,42.564,0.0,0.0,9.231
28.646,18.750,44.271,0.0,0.0,8.333
27.320,23.196,40.722,0.0,0.0,8.763
25.521,20.312,45.312,0.0,0.0,8.854
29.353,21.393,40.299,0.0,0.0,8.955
28.283,22.222,41.919,0.0,0.0,7.576
26.042,18.229,45.312,0.0,0.0,10.417
28.141,17.588,42.714,0.0,0.0,11.558
31.841,16.915,40.796,0.0,0.0,10.448
31.771,17.188,43.750,0.0,0.0,7.292
27.273,19.786,43.850,0.0,0.0,9.091
28.497,18.135,43.523,0.0,0.0,9.845
26.984,19.048,44.444,0.0,0.0,9.524
25.888,22.335,42.132,0.0,0.0,9.645
23.980,20.408,44.898,0.0,0.0,10.714
28.042,19.577,43.386,0.0,0.0,8.995
28.796,17.801,43.455,0.0,0.0,9.948
26.943,21.244,40.933,0.0,0.0,10.881
30.102,20.408,41.837,0.0,0.0,7.653
27.979,19.689,43.523,0.0,0.0,8.808
28.125,21.354,43.750,0.0,0.0,6.771
24.607,21.466,42.932,0.0,0.0,10.995
27.778,19.697,43.434,0.0,0.0,9.091
23.560,19.895,45.550,0.0,0.0,10.995
26.842,15.789,45.789,0.0,0.0,11.579
27.363,19.900,42.786,0.0,0.0,9.950
29.293,20.707,41.414,0.0,0.0,8.586
28.866,21.134,41.753,0.0,0.0,8.247
27.273,19.697,42.424,0.0,0.0,10.606
28.358,19.900,40.796,0.0,0.0,10.945
30.392,22.059,38.235,0.0,0.0,9.314
35.354,15.657,39.899,0.0,0.0,9.091
31.443,19.588,40.206,0.0,0.0,8.763
30.0,20.0,41.579,0.0,0.0,8.421
26.238,26.238,40.099,0.0,0.0,7.426
30.570,18.135,40.933,0.0,0.0,10.363
29.082,18.367,40.306,0.0,0.0,12.245
25.532,21.277,43.617,0.0,0.0,9.574
25.907,20.725,42.487,0.0,0.0,10.881
24.868,23.280,42.328,0.0,0.0,9.524
23.370,21.196,44.565,0.0,0.0,10.870
27.041,21.939,39.286,0.0,0.0,11.735
21.693,16.931,48.677,0.0,0.0,12.698
24.631,21.675,45.813,0.0,0.0,7.882
25.907,16.580,45.078,0.0,0.0,12.435
26.531,19.898,41.327,0.0,0.0,12.245
25.381,20.305,43.655,0.0,0.0,10.660
23.560,20.942,45.026,0.0,0.0,10.471
26.702,23.560,40.838,0.0,0.0,8.901
23.834,22.280,42.487,0.0,0.0,11.399
29.082,18.367,42.347,0.0,0.0,10.204
28.358,20.398,43.284,0.0,0.0,7.960
26.702,21.466,43.979,0.0,0.0,7.853
25.641,22.051,42.564,0.0,0.0,9.744
26.500,22.0,42.0,0.0,0.0,9.500
25.654,21.990,43.455,0.0,0.0,8.901
26.882,20.430,44.086,0.0,0.0,8.602
